0	317
0	3495
0	3496
0	3497
0	3498
0	3499
0	2789
1	2789
1	3498
1	3497
1	3496
2	3495
2	317
3	969
3	2533
3	2721
4	3670
4	16
4	1015
4	1311
4	1110
4	2699
4	2236
4	2148
5	3273
5	1485
5	1231
5	1604
5	2132
6	946
6	4
7	143
7	1702
7	138
8	1093
8	2730
8	1899
8	3082
9	3082
9	1899
10	900
10	871
10	3574
11	2277
11	1108
12	3092
12	2698
13	1142
13	3318
14	1434
14	663
14	423
15	3309
15	299
16	1073
16	3709
16	3050
16	1069
16	610
16	1219
16	2059
16	2851
16	379
16	3118
17	3118
17	3050
18	2937
18	1153
19	2330
19	609
20	1110
20	2040
20	2564
20	3317
20	2246
20	2681
20	754
20	583
20	1599
20	637
21	637
21	754
21	2681
21	1110
22	1439
22	1180
23	1461
23	2156
23	179
24	959
24	2283
25	2290
25	43
26	1115
26	2372
27	1437
27	1812
27	3237
28	3453
28	3452
29	3312
29	3453
29	2515
30	952
30	3146
31	2370
31	237
32	2386
32	1582
32	1822
32	3675
32	431
33	1582
33	1822
33	431
34	1591
34	2321
35	2154
35	2101
35	1271
35	1048
35	2367
36	3750
36	3749
36	2304
37	3378
37	192
37	2006
38	836
38	3140
38	2026
39	1785
39	836
39	3140
39	2006
40	3140
40	2026
41	3482
41	3481
41	3480
42	2947
42	3401
42	3479
43	505
43	3479
43	3401
43	2947
43	3480
43	3481
43	3482
44	1099
44	1498
45	1498
45	3049
45	1798
45	1099
46	3394
46	1021
46	246
46	457
46	2142
46	1992
47	15
47	233
48	3394
48	1021
49	3003
49	2326
50	478
50	3276
51	3470
51	2711
52	503
52	1973
53	2711
53	1973
54	1421
54	2711
55	2965
55	2330
56	1473
56	3656
57	278
57	594
57	3302
58	256
58	577
58	2429
59	278
59	1263
59	594
59	3302
60	514
60	1191
60	2894
61	514
61	2894
62	2475
62	494
62	1659
62	2872
63	1509
63	645
63	1320
64	933
64	3410
65	2129
65	1780
66	1775
66	1198
66	1164
67	2751
67	2877
67	3370
67	2011
67	3279
67	657
68	1220
68	2958
69	1220
69	2958
69	657
70	1842
70	1696
71	2261
71	1247
72	3240
72	2022
72	190
73	3272
73	94
73	3573
74	3573
74	94
75	1741
75	879
75	671
75	2353
75	3523
75	650
75	697
75	2373
76	3024
76	2148
76	2929
76	511
76	2669
76	1944
77	615
77	1151
77	380
78	1489
78	2398
79	3356
79	1764
79	819
80	2456
80	196
80	440
80	1064
80	2538
80	476
80	2830
80	636
81	476
81	636
82	636
82	2830
82	476
82	2538
82	1064
82	440
82	196
82	2456
83	2974
83	424
83	3352
84	1135
84	3466
85	2790
85	2347
86	2790
86	1135
86	3466
86	2347
87	128
87	3365
87	1868
87	267
87	3494
87	3335
87	2693
88	1392
88	1916
88	1910
88	3377
88	675
88	3617
89	928
89	1536
89	3208
89	761
89	2550
90	761
90	928
91	2550
91	3208
91	1536
92	2695
92	2282
93	2745
93	2819
94	78
94	3284
94	3403
95	193
95	1693
95	3019
95	450
96	78
96	1693
97	2829
97	3403
98	1693
98	3019
99	193
99	450
100	462
100	1838
100	3107
100	3210
100	1417
100	631
100	1355
101	3297
101	3363
101	2596
101	1960
101	388
101	1532
101	2015
102	757
102	1729
103	117
103	2471
104	2571
104	1718
105	1729
105	2571
105	117
105	2471
106	28
106	2299
106	294
106	2394
106	1387
106	2036
106	2073
106	1477
107	1544
107	1589
108	2648
108	2301
109	2979
109	1007
110	2697
110	2046
110	2560
110	1424
110	2048
110	850
110	479
111	850
111	2048
111	1424
111	2560
111	2697
112	2674
112	1986
112	1378
113	2207
113	1337
113	2342
113	560
113	1770
113	3263
113	828
113	2252
114	2252
114	828
114	3263
114	1770
114	560
115	2923
115	2086
115	182
115	2732
115	474
115	2157
115	3632
116	2768
116	2236
116	388
117	2148
117	1110
118	1025
118	1660
118	1226
118	1876
118	1990
118	3314
118	3324
118	2618
118	2948
118	3063
119	489
119	1049
119	1995
120	2111
120	1893
120	3195
120	3230
121	3230
121	1893
122	1432
122	578
123	578
123	3031
123	2217
123	1432
123	2561
124	3031
124	578
125	2561
125	2217
125	3031
126	2429
126	1036
127	555
127	1410
128	1053
128	3114
128	2664
129	1410
129	555
129	2664
129	3114
129	1053
130	326
130	506
130	2488
130	160
130	3629
131	3087
131	3629
131	3426
131	160
131	2488
131	506
131	326
132	2645
132	3030
133	2535
133	2869
133	1171
133	2646
134	1126
134	1108
135	143
135	1108
135	23
135	1126
136	1548
136	2565
137	1532
137	558
138	2565
138	558
138	1532
138	1548
139	2464
139	2725
139	1807
140	122
140	3094
141	2783
141	2494
142	2681
142	2262
143	3074
143	2874
143	3732
143	2649
143	623
143	3731
143	3218
144	3245
144	198
144	2724
144	2996
144	50
145	2133
145	1615
146	2793
146	1577
146	340
146	2192
146	1787
146	2218
147	901
147	3327
148	3072
148	2115
148	985
149	58
149	2455
149	722
149	298
149	2607
149	582
150	2455
150	58
151	1814
151	2235
152	1814
152	3351
153	45
153	1004
153	751
153	873
153	3333
154	45
154	751
154	873
154	3333
155	3174
155	1467
156	3338
156	1004
157	2518
157	2876
157	20
157	3591
158	3591
158	20
158	2876
158	2518
158	3592
159	1006
159	990
160	181
160	389
161	1894
161	2548
161	104
162	1549
162	2009
162	629
162	139
162	3232
162	2599
162	2012
162	1522
163	1522
163	139
163	629
164	2012
164	1549
165	3753
165	3752
165	21
166	741
166	1436
166	791
167	741
167	766
168	2731
168	2822
168	766
169	1436
169	2822
170	3223
170	945
171	3223
171	3296
172	3296
172	945
172	3223
172	262
173	277
173	1133
173	2545
173	3379
173	2494
173	528
173	1075
173	17
174	1075
174	1133
175	17
175	528
175	2494
175	277
176	3130
176	640
177	898
177	2050
178	3217
178	937
178	2008
179	2008
179	937
180	350
180	3505
181	350
181	327
182	689
182	170
183	1110
183	3215
184	2496
184	3761
184	3328
184	3760
184	1873
185	2670
185	1930
185	366
185	1557
185	112
186	2726
186	2781
186	96
186	1332
187	3304
187	928
188	2172
188	2829
188	607
188	3052
188	1305
188	547
188	1707
188	1627
189	607
189	2829
189	2172
190	2069
190	1126
190	259
190	2176
191	833
191	259
191	2176
192	2292
192	3214
192	236
192	3625
192	2860
192	572
192	3626
193	1699
193	2358
193	1568
193	3099
193	1042
193	1727
194	1568
194	3099
194	1042
195	2353
195	681
195	1878
195	2731
195	977
196	1375
196	82
197	2678
197	813
197	3633
197	42
197	1642
198	813
198	42
199	3423
199	3330
199	2939
199	1229
199	3187
199	219
199	2892
199	54
200	2892
200	219
200	3187
200	1229
200	2939
200	3330
201	1720
201	3132
201	1811
201	3059
202	1811
202	3132
202	1720
203	373
203	2031
203	2324
203	2729
203	2572
203	915
203	3489
204	3489
204	915
204	2729
204	2324
204	2031
204	373
205	3467
205	1799
205	634
205	3468
205	2631
205	3469
206	1287
206	1465
206	2542
206	2881
207	2542
207	1465
208	916
208	19
208	1607
208	2105
208	1736
209	916
209	19
209	1736
210	1386
210	1708
210	1607
210	3281
211	1917
211	1213
211	2828
211	520
211	3634
211	656
211	1184
212	1184
212	3634
212	520
213	1213
213	1917
214	904
214	714
214	2149
214	211
214	3315
215	48
215	3527
215	1779
215	991
216	185
216	2867
216	2082
217	1719
217	1587
217	2429
218	2214
218	2104
219	2100
219	2663
220	2681
220	1280
221	767
221	1112
221	2443
222	3521
222	3425
222	3519
223	3522
223	3520
223	1172
224	2866
224	2288
224	2928
225	3741
225	279
226	2513
226	1139
227	2228
227	1024
228	2440
228	1535
228	381
229	2971
229	2638
229	527
229	1538
230	1538
230	527
230	2638
230	1474
230	2971
231	3561
231	3560
232	2608
232	334
233	2024
233	36
233	3071
234	3561
234	2608
234	334
234	2809
234	3560
235	3071
235	3560
235	36
235	2809
235	2024
235	334
235	2608
235	3561
236	483
236	79
237	3409
237	469
238	2369
238	157
239	10
239	2369
239	255
239	157
239	109
240	2963
240	3360
241	386
241	3189
242	3254
242	3201
242	2693
242	2113
243	1406
243	3699
243	676
244	676
244	3146
244	3699
244	1348
244	1302
244	1406
244	2113
244	2693
244	3201
244	3254
245	1348
245	3146
246	172
246	2791
246	2351
246	273
247	978
247	304
248	1579
248	145
248	304
248	1193
248	978
248	1658
248	2416
249	1833
249	2315
250	1833
250	2315
250	3424
251	114
251	2716
251	2462
251	1466
252	3102
252	1953
253	1953
253	3102
253	2344
254	1661
254	1706
255	2381
255	680
256	680
256	2537
257	2518
257	2681
258	2681
258	39
258	2518
258	3582
259	3027
259	824
259	3143
259	1165
259	2047
259	3671
259	2398
259	2604
260	3079
260	2479
261	793
261	3269
262	3048
262	2242
262	1684
263	2275
263	3405
263	1684
263	289
263	2242
263	1395
263	3048
264	3048
264	2242
264	289
264	1684
265	1395
265	3405
266	3023
266	1817
266	3011
266	3408
267	1596
267	125
268	2058
268	3284
268	212
268	1596
269	2058
269	1116
269	212
270	1116
270	125
271	1608
271	125
272	2054
272	1701
272	2617
273	706
273	1140
273	541
274	2617
274	1701
274	541
274	1140
274	706
274	2161
274	2095
274	2054
275	423
275	3271
276	3006
276	1908
277	3503
277	3502
278	3503
278	3502
278	3006
279	1908
279	3006
279	3502
279	2736
279	3503
279	3271
279	423
280	3513
280	3514
280	2580
280	239
280	3515
280	3516
280	3517
280	2183
281	2183
281	3517
281	3516
281	3515
281	239
281	2580
281	3514
282	2190
282	2123
282	418
282	2825
282	2556
282	2323
283	1653
283	806
283	1784
283	24
283	3666
283	2155
283	2316
283	3667
284	3667
284	2316
284	2155
284	3666
284	24
284	1784
284	1653
285	2642
285	2144
286	2144
286	259
286	2642
287	2994
287	346
288	1304
288	2512
288	2181
288	834
288	694
289	2512
289	833
289	694
290	1304
290	834
291	1211
291	1102
292	1235
292	1334
293	1211
293	1178
293	2287
293	1235
293	3077
294	3380
294	1168
294	1118
294	812
294	2060
294	1314
295	593
295	729
295	1698
296	895
296	1957
296	1835
296	2480
296	597
296	1354
296	1552
297	895
297	1957
297	1835
297	2480
297	597
297	1354
297	1552
298	2007
298	2442
298	2311
299	800
299	3131
299	1546
299	2584
300	2584
300	1546
300	2870
300	3131
300	800
301	2915
301	914
302	3400
302	848
302	1887
302	11
302	1570
302	2079
302	3102
302	2912
303	2679
303	993
303	980
303	1298
303	2486
304	2679
304	1298
304	2486
305	3236
305	3080
306	3080
306	2620
306	893
306	270
306	3236
306	3012
306	1680
307	893
307	2620
308	2681
308	3297
308	16
308	1389
308	1960
308	3317
308	3215
309	2681
309	3297
309	16
309	1389
309	1960
309	3317
309	3215
310	1413
310	1281
311	856
311	977
312	1646
312	818
313	1208
313	818
314	3432
314	2656
314	1208
314	3081
314	1245
315	1208
315	2656
315	3432
316	2237
316	3164
316	2691
317	2935
317	59
318	3758
318	1888
318	3231
318	1840
319	2765
319	2056
320	1185
320	229
321	963
321	2765
321	2056
322	2856
322	2166
322	2636
322	1083
322	615
323	3373
323	1479
324	1135
324	1479
324	3373
324	1136
325	1479
325	1135
326	3236
326	2629
327	1813
327	2615
327	756
328	903
328	3179
328	57
328	3164
328	2492
328	1505
329	1884
329	1845
329	941
330	878
330	9
331	9
331	2633
331	471
331	878
331	1559
331	2547
331	363
332	1559
332	878
332	2633
333	2604
333	1972
334	3301
334	949
334	1265
334	2604
335	431
335	3180
336	1309
336	3389
336	1716
336	162
336	3292
337	1309
337	3542
337	3292
338	1716
338	162
338	1762
339	1309
339	3389
339	3292
340	637
340	602
341	3326
341	587
342	187
342	1842
342	3310
342	1924
342	88
342	2261
342	2110
343	2110
343	2261
343	88
343	1924
343	1842
343	187
344	901
344	2623
345	106
345	1099
345	2800
345	185
345	52
346	52
346	185
346	1635
346	2800
346	143
346	2140
346	1099
346	106
347	2979
347	3181
347	1295
348	3181
348	2979
349	1538
349	3216
349	63
349	3219
349	1065
349	2960
349	2158
349	3121
350	2960
350	1065
351	111
351	2930
351	1065
351	2027
352	531
352	111
352	2930
352	1065
352	2027
352	1709
353	531
353	2306
353	2265
353	79
354	2857
354	2136
355	1959
355	1590
355	3353
355	1056
356	2494
356	2870
357	1595
357	1502
357	250
358	1819
358	3090
358	78
358	1444
358	3663
358	1002
358	3142
358	3664
359	3090
359	1819
360	1002
360	3663
360	3090
361	1625
361	306
361	3061
361	209
362	209
362	306
363	3306
363	3710
363	3295
363	1363
363	3329
363	2336
364	2961
364	2001
365	3200
365	2441
365	1879
366	3651
366	1380
366	699
367	3200
367	1409
367	2441
367	1879
368	1879
368	2441
368	699
368	1409
368	1380
368	3651
368	3200
369	987
369	160
369	168
369	3088
369	2949
369	2118
369	375
369	1674
370	375
370	2949
370	160
371	2118
371	987
372	1540
372	3185
373	2332
373	867
374	867
374	3025
374	3185
374	3203
374	2332
374	2223
374	854
374	1462
374	1540
375	1462
375	854
375	2223
375	3025
376	1462
376	854
376	3025
377	1540
377	2223
377	3203
378	35
378	1632
379	421
379	1368
379	2887
380	355
380	2460
380	2870
381	3543
381	1691
381	512
381	3531
381	34
381	3152
381	1353
381	3544
382	3544
382	1353
382	3152
382	34
382	3531
382	3543
383	542
383	2256
384	731
384	1188
385	731
385	1188
385	615
386	2485
386	615
387	2699
387	3297
388	741
388	2681
389	2704
389	1959
390	84
390	2704
390	2432
391	84
391	2704
391	2432
391	1959
391	302
391	2507
392	1633
392	2487
393	315
393	1777
393	1147
393	1423
393	1336
393	3169
393	1242
393	2816
393	1614
394	1614
394	2816
394	1242
394	1336
394	1423
394	1147
394	1777
394	315
395	1472
395	932
395	1181
395	3194
396	3194
396	1472
397	2383
397	1035
397	2805
397	3692
397	392
398	1252
398	194
399	1252
399	3692
399	392
400	47
400	936
401	2965
401	593
401	3076
402	2356
402	2630
402	2582
402	3076
402	593
402	2965
402	936
402	47
403	593
403	3076
403	2582
404	1457
404	2274
405	1156
405	3020
405	1157
405	3125
406	336
406	3146
406	2699
406	2379
406	615
406	3483
406	409
407	2699
407	3146
408	2941
408	118
408	1010
408	3228
408	1565
409	501
409	202
409	1431
409	1290
410	501
410	202
410	1431
410	1290
411	1974
411	2675
412	601
412	2675
412	2660
413	2817
413	1974
414	3640
414	2855
415	601
415	2660
416	2028
416	2900
416	1194
416	1706
417	1649
417	1618
418	759
418	1649
418	1618
418	732
419	511
419	2033
419	2117
419	1082
419	33
419	1026
420	1026
420	33
420	2117
420	2033
420	511
421	1082
421	2033
421	511
422	2585
422	1388
422	3002
422	225
422	136
423	136
423	225
423	3002
424	108
424	292
425	2832
425	2125
425	126
426	2260
426	696
426	3258
427	3471
427	1826
428	696
428	3258
429	2568
429	3609
429	2593
429	3176
429	2270
429	3610
430	3610
430	2270
430	2593
430	3609
431	2437
431	1984
431	3595
431	2018
431	121
432	556
432	475
432	2851
433	2851
433	475
434	643
434	1668
434	2598
434	957
434	3134
434	2439
434	29
434	3260
435	3260
435	29
435	957
435	2598
436	2986
436	2853
436	1385
436	1831
436	339
436	1996
437	522
437	1440
437	2981
437	1299
437	3157
437	2731
437	1821
437	330
438	3157
438	522
439	330
439	1821
439	2731
439	1299
440	2984
440	3635
441	2215
441	1791
441	1933
441	3635
441	2984
441	2667
441	2384
442	1752
442	1110
442	2851
442	2278
443	1110
443	1752
444	33
444	1517
444	511
445	449
445	926
446	639
446	3196
447	472
447	1728
447	1623
447	1319
448	2868
448	2220
448	1826
448	2696
448	3103
448	1174
448	524
449	1316
449	2567
450	567
450	1316
450	692
450	849
450	3058
451	2219
451	146
451	3060
451	1932
451	495
452	2052
452	1293
452	2579
452	892
453	892
453	1293
454	2579
454	2052
455	994
455	904
456	2427
456	1390
456	2376
456	2255
457	2966
457	870
458	1801
458	1003
459	1301
459	2186
460	2643
460	2971
460	1349
461	2421
461	1639
461	2694
461	1349
462	1349
462	2694
462	1639
462	2971
462	2421
462	723
462	2643
463	2421
463	1639
463	2694
464	3440
464	1089
465	3368
465	1778
465	149
465	887
465	2230
465	1111
466	67
466	1828
466	1111
467	707
467	3230
467	2044
467	1177
467	241
467	3110
468	3110
468	1177
468	3230
468	707
469	3110
469	1177
470	241
470	707
471	2044
471	3230
472	2355
472	1481
473	513
473	480
474	2399
474	3402
474	727
474	2483
474	1906
475	2673
475	1405
475	464
475	291
475	548
476	1034
476	1027
477	1034
477	924
477	1027
478	1946
478	2410
479	3356
479	2803
479	513
479	251
479	295
479	1121
479	543
479	905
480	1104
480	272
481	550
481	2686
482	1809
482	135
482	2575
482	382
483	1809
483	2489
483	2127
483	135
483	2575
483	382
484	3532
484	3531
485	1766
485	2371
485	463
485	2625
485	3533
486	2888
486	576
486	1848
487	181
487	2594
488	2594
488	181
488	487
489	2236
489	1110
490	436
490	2779
490	1849
491	2244
491	3347
492	1849
492	2244
492	3347
493	1861
493	863
494	595
494	3382
495	2268
495	3697
495	2605
496	2499
496	2605
497	1861
497	863
497	3698
497	595
497	3382
497	241
497	2499
498	2396
498	1676
499	2835
499	1503
499	2029
499	653
499	2460
499	2392
499	2422
500	2422
500	2392
500	2460
500	653
500	1836
500	2029
500	1503
500	2835
501	2161
501	3586
501	3587
501	3588
502	1286
502	3348
502	153
502	2871
502	3564
502	347
502	1358
502	2512
502	711
503	2077
503	3344
503	3059
503	1945
503	3287
503	3565
504	2295
504	960
505	2781
505	1332
506	2295
506	2658
507	717
507	2511
507	927
507	784
507	3225
507	2899
508	2899
508	784
508	927
508	2511
509	3088
509	107
510	116
510	3088
510	107
511	1731
511	3442
511	1525
512	1735
512	2965
512	2377
512	2494
513	2662
513	2983
513	1177
514	1491
514	1726
514	1594
514	1776
514	209
515	209
515	240
515	1776
515	2739
515	1594
515	1726
515	3362
515	1491
516	3472
516	3473
516	3474
516	3475
516	3476
516	3477
516	3478
517	3504
517	70
518	2216
518	156
519	3504
519	70
519	156
520	2216
520	2784
521	3725
521	3724
522	3723
522	310
523	3539
523	3537
523	3536
523	3535
524	3534
524	3106
524	1273
524	3535
524	3536
524	3537
524	3538
524	3539
525	1571
525	3224
526	1730
526	1144
527	745
527	3226
528	3226
528	1997
528	745
529	909
529	1241
529	1865
529	532
529	1464
530	664
530	245
531	2185
531	1959
531	245
531	664
531	388
532	1959
532	2185
533	1922
533	203
534	402
534	3562
534	1361
534	3406
534	1790
534	1609
534	702
534	3563
534	743
535	702
535	1790
535	1361
536	2134
536	412
536	1028
537	1757
537	961
537	1902
538	2030
538	488
538	961
538	1902
539	136
539	1907
539	1060
539	2480
539	2349
540	136
540	1907
540	1060
540	2480
540	2349
541	3361
541	847
541	73
541	804
542	2854
542	73
542	804
543	2854
543	804
544	395
544	2906
545	2906
545	395
545	3168
546	874
546	3383
547	2303
547	60
547	2494
547	2931
548	2463
548	3743
548	839
549	1883
549	3650
549	684
549	633
549	2231
549	638
549	1793
550	1793
550	633
550	684
550	1883
551	901
551	3406
551	844
552	1162
552	1036
553	1036
553	388
553	1162
554	1584
554	269
554	356
554	2426
555	1161
555	1140
555	2666
556	1140
556	1161
557	2357
557	1507
558	581
558	3733
559	83
559	2045
560	666
560	83
560	2045
561	666
561	1966
561	3323
562	666
562	1966
563	3323
563	2534
563	1966
563	2045
563	83
563	666
564	3233
564	2992
564	3392
565	1634
565	1124
565	506
565	1881
566	506
566	1124
566	1634
567	1068
567	695
567	627
567	2474
568	46
568	912
569	3358
569	1266
570	1114
570	1814
570	2366
571	1114
571	2366
572	3426
572	461
573	1545
573	2818
574	1260
574	3438
574	1580
575	3313
575	1228
576	458
576	827
576	313
577	3038
577	3313
577	1228
578	1613
578	2604
578	2955
578	2796
579	868
579	1296
579	133
579	1221
579	1435
580	1435
580	1221
580	1296
580	868
581	3738
581	3737
581	3736
581	3735
581	3734
582	1078
582	916
583	3501
583	3500
584	1201
584	1195
584	1452
584	2637
584	1202
585	30
585	1401
585	232
585	1014
585	52
586	2072
586	2151
586	1531
587	13
587	2757
587	2154
587	678
588	678
588	2154
588	13
589	1527
589	1481
590	534
590	1091
591	820
591	2722
591	3628
592	820
592	2722
592	3628
592	243
592	200
592	3627
593	1248
593	776
594	1148
594	776
594	1968
594	1248
594	1573
595	2330
595	741
595	2681
595	2965
596	2681
596	2573
597	1267
597	2851
597	787
598	787
598	1267
599	2586
599	3197
599	1966
599	2718
599	378
599	162
599	1140
600	1140
600	162
600	1966
601	1797
601	3021
602	1055
602	3021
602	1797
602	65
602	1454
603	1095
603	725
603	143
604	143
604	1095
605	2429
605	2148
605	2699
606	1706
606	3038
607	2699
607	423
607	3038
607	2008
607	164
607	2148
607	1706
607	2429
608	1688
608	2627
609	3417
609	2124
610	3133
610	1602
610	207
611	3417
611	3133
611	2124
612	1602
612	207
613	2911
613	18
613	78
614	2405
614	3332
615	3218
615	1744
616	22
616	1300
617	22
617	2173
617	1300
618	2619
618	2806
618	213
619	2708
619	1222
620	856
620	2353
621	3225
621	3004
622	2335
622	3399
623	2655
623	264
624	1005
624	2712
624	2074
625	264
625	1941
625	2074
625	2712
625	3399
625	2335
625	2655
625	1005
626	3711
626	660
627	943
627	1051
627	1526
627	660
627	2285
628	2661
628	119
629	2498
629	655
629	417
630	2388
630	2498
630	655
630	417
631	2388
631	2661
631	2498
631	655
631	417
632	2388
632	1338
632	2345
633	3638
633	2413
633	3369
633	3242
633	3639
633	2809
633	428
634	1689
634	3202
634	2699
634	1572
635	2146
635	3341
635	204
636	796
636	2465
637	1921
637	2146
637	796
637	1120
638	1679
638	872
638	3546
639	3648
639	1575
639	271
639	3647
639	519
640	519
640	3646
640	3647
640	1747
640	271
640	1575
640	3648
641	140
641	3013
641	2408
641	833
642	2408
642	3013
642	140
643	1276
643	590
643	2145
643	3151
644	1099
644	411
645	411
645	3151
645	2145
645	1099
645	590
645	1276
645	3631
646	3419
646	1249
646	1742
647	1447
647	423
648	1847
648	1107
649	668
649	391
650	1610
650	622
650	323
651	971
651	194
652	2091
652	2540
652	2374
653	1889
653	674
653	2249
654	1493
654	2875
655	606
655	1160
656	2626
656	2261
657	1399
657	319
658	2626
658	1399
658	2261
658	2297
658	319
658	1864
659	1868
659	3422
659	768
660	1894
660	104
661	2365
661	3491
661	3492
661	3493
661	104
661	584
661	1894
662	3492
662	2365
663	3567
663	2418
663	3566
664	199
664	2210
665	2661
665	2583
665	3199
666	1669
666	2889
666	3575
667	1862
667	2428
667	295
668	295
668	2428
669	2663
669	280
670	1377
670	3460
670	3461
670	3462
670	3463
671	1730
671	3093
672	369
672	998
672	2752
672	1076
673	759
673	876
674	3645
674	2957
674	2240
675	2320
675	1773
676	2240
676	1773
676	876
676	2320
676	2957
676	3645
676	759
677	3645
677	1773
678	1360
678	1657
678	2829
679	1657
679	1360
680	1067
680	3578
680	3413
680	3579
681	1933
681	2940
681	3241
681	999
681	2917
681	1232
682	2917
682	999
682	3241
682	2940
682	1933
683	7
683	27
684	2312
684	690
684	2560
684	850
684	1276
685	690
685	850
686	1171
686	7
687	2312
687	690
687	2560
687	850
688	1928
688	3280
688	3456
689	3456
689	837
689	3280
689	1928
689	75
690	1520
690	2177
691	2946
691	2177
691	1520
692	816
692	1265
692	1667
692	2508
693	2508
693	2080
693	1667
693	737
693	1265
693	816
694	1265
694	1667
695	1265
695	1667
695	2508
696	453
696	2012
697	3623
697	1326
697	466
697	1199
697	2076
697	1647
698	763
698	296
698	3717
699	2204
699	1618
700	3418
700	2560
700	908
701	3568
701	1827
702	2553
702	2205
702	3116
702	1827
703	416
703	908
704	257
704	1885
705	3104
705	774
705	12
705	456
705	2382
706	12
706	456
707	2775
707	1598
707	3726
707	86
708	3727
708	3122
709	1394
709	2846
709	886
709	746
710	347
710	155
710	3137
710	2198
710	1871
710	3041
711	2198
711	3137
712	1007
712	3173
712	1150
713	1815
713	1737
714	3259
714	2103
714	777
714	861
715	3259
715	2103
715	861
716	2414
716	1750
716	2542
716	3657
716	2395
716	2141
716	950
716	1745
717	921
717	2962
717	130
717	2519
717	97
718	1313
718	618
719	1313
719	2519
720	97
720	2519
720	130
720	618
720	1313
720	1122
720	2962
720	921
720	1820
721	2164
721	2098
721	2528
721	3386
721	1259
722	3554
722	2827
722	3189
723	3553
723	2843
723	3098
724	3554
724	3553
724	1372
725	2827
725	3189
726	3340
726	771
727	2008
727	2417
728	2008
728	2655
728	906
728	2417
729	2008
729	906
729	2417
730	2838
730	894
730	1318
730	2450
730	1226
731	2838
731	894
731	1318
731	1226
732	570
732	735
732	2269
732	230
733	3528
733	1915
733	570
733	2925
733	735
733	2269
733	230
734	2925
734	735
734	2269
734	230
735	570
735	2269
736	1600
736	2469
736	2063
737	2063
737	1600
738	3001
738	3550
738	1712
738	1063
738	3551
738	3552
738	3239
738	1322
739	1146
739	1369
740	2250
740	1770
740	2178
740	1448
741	400
741	2959
741	919
741	2902
742	308
742	2495
742	3015
743	3068
743	1754
743	612
743	2404
743	1359
743	769
743	2810
744	1351
744	3193
744	556
744	2774
745	1351
745	3193
746	186
746	2213
747	2800
747	1905
747	1422
748	2909
748	1905
749	113
749	1556
749	1257
749	201
749	2836
750	113
750	1605
750	1556
750	1257
750	201
750	2836
751	2193
751	612
751	3000
752	3000
752	2193
753	3600
753	599
753	2128
753	2967
753	429
754	1804
754	3354
754	1163
754	2463
755	2463
755	1163
755	3354
756	1488
756	2400
756	968
756	159
756	1851
757	159
757	968
758	2965
758	2556
758	1570
758	817
758	2138
758	3100
758	2885
759	1038
759	3039
759	2573
759	3641
759	283
759	2012
759	405
760	3583
760	3584
760	2259
760	2239
761	1333
761	1247
762	1247
762	1486
762	302
762	1333
763	2114
763	3299
763	1802
763	1956
764	2114
764	1802
765	3397
765	1029
766	712
766	2723
767	1877
767	2189
767	3144
767	815
767	726
767	1478
768	815
768	889
769	3144
769	1478
770	1877
770	2189
771	718
771	2467
771	1077
771	2682
772	2472
772	2820
773	1257
773	2630
773	1683
773	1276
773	1643
773	2907
774	973
774	1479
774	2200
774	406
774	142
774	4
775	142
775	406
775	2200
775	973
776	4
776	1479
777	2143
777	3085
777	2833
778	2143
778	3085
779	1751
779	2833
780	801
780	2162
781	1993
781	2352
781	3556
781	3557
781	2509
781	1149
781	1224
781	3558
782	2965
782	1152
782	583
782	2015
782	3057
782	2330
783	3751
783	2090
784	3149
784	1552
785	371
785	1760
785	2680
786	371
786	3052
786	1760
786	2680
787	1099
787	833
788	2272
788	3680
788	3679
789	384
789	1914
790	2719
790	1893
791	977
791	1276
791	3256
791	261
791	2469
791	761
792	1276
792	3256
792	761
793	748
793	2058
793	404
793	2581
793	2684
794	2684
794	2581
794	404
794	2058
794	2402
794	748
794	942
795	2672
795	1777
795	1781
796	1000
796	267
797	776
797	1539
798	2641
798	435
799	2641
799	776
799	435
799	1539
800	1925
800	2747
800	2965
800	3740
801	3331
801	2563
802	3285
802	2411
802	274
802	3083
802	2417
802	2084
802	698
803	2417
803	3285
804	698
804	3083
804	274
804	2411
805	962
805	2294
805	3059
805	1255
805	1555
805	521
806	418
806	1688
806	1331
806	2412
806	661
806	2844
806	2589
806	3215
806	1732
807	1732
807	3215
807	2589
807	2844
807	661
807	2412
807	1331
807	1688
807	418
808	3148
808	794
809	2083
809	3255
810	3512
810	3511
811	808
811	407
812	2913
812	1134
813	585
813	1569
813	2188
814	585
814	2188
815	2271
815	1169
815	2363
815	2552
815	3372
815	966
815	16
815	388
816	2271
816	1169
816	2363
816	2552
816	3372
816	966
816	16
816	388
817	3054
817	3713
818	193
818	982
818	976
818	351
818	1795
819	288
819	2728
819	1795
819	351
819	976
819	1087
819	982
819	1449
819	193
820	1393
820	497
821	1364
821	1128
821	497
822	1797
822	2692
822	3286
822	3510
822	2308
822	1261
822	2407
823	1271
823	3385
824	365
824	152
824	1271
824	3385
825	1880
825	248
825	2095
826	399
826	2762
826	2069
826	235
827	2359
827	3658
827	1980
828	2337
828	552
829	1980
829	3102
829	3658
829	2359
829	552
829	2133
829	446
829	2337
830	2133
830	2359
830	3658
830	1980
831	2337
831	3658
832	2447
832	81
832	104
832	2169
832	3259
832	185
832	1894
833	1894
833	185
833	3259
833	2169
833	104
834	1894
834	3259
835	1807
835	1005
835	704
835	1620
835	177
836	1620
836	704
836	1005
836	1807
837	2232
837	3136
837	362
838	2232
838	3136
839	1050
839	2281
839	719
840	1592
840	2517
841	2199
841	1344
842	1344
842	2517
842	2199
842	672
842	286
842	913
842	348
842	92
842	1592
843	348
843	286
844	1830
844	1561
844	860
845	1130
845	1341
846	2168
846	268
847	2436
847	2539
848	1807
848	1697
848	170
848	2343
848	1860
848	2661
848	2573
848	3436
849	1860
849	1697
850	2261
850	2880
851	2546
851	3457
851	3458
851	2897
851	1014
852	3458
852	3457
853	297
853	2699
853	1319
853	558
853	2795
854	558
854	2699
855	571
855	682
855	3759
855	3072
855	224
856	1512
856	1919
856	1994
856	2521
857	1624
857	3652
857	1678
857	3653
857	955
857	2848
857	1533
858	1853
858	1649
859	1853
859	3135
859	1316
860	420
860	1352
860	1628
860	3141
861	420
861	1352
861	1216
861	761
862	420
862	1352
862	1628
862	3141
862	761
863	1246
863	1319
864	1222
864	2708
865	1074
865	3161
865	2406
865	1451
866	857
866	810
867	3416
867	2826
867	387
868	1769
868	1664
868	1846
868	1148
869	1846
869	1664
870	1020
870	2258
870	2705
870	1733
870	194
871	1550
871	1601
872	972
872	2097
873	398
873	2203
873	1131
873	1558
873	1966
874	635
874	3078
875	3603
875	3078
876	3604
876	709
876	2341
876	3603
877	3604
877	3603
878	226
878	3444
878	1611
878	3117
879	1984
879	1617
879	1187
879	3183
879	2720
879	2000
879	2588
879	1825
880	3017
880	460
880	3524
881	3017
881	460
882	3572
882	1562
883	2425
883	3432
883	1085
883	3381
883	992
884	1892
884	2780
885	2744
885	3585
886	2122
886	2038
886	2013
886	204
887	2831
887	142
887	210
888	2453
888	2248
888	142
888	562
888	210
888	228
889	2453
889	562
889	654
890	1002
890	3062
890	2978
890	2709
890	1958
890	104
890	3142
891	1285
891	314
891	1585
892	314
892	1285
893	2419
893	3739
894	1985
894	218
894	1551
894	3285
894	2741
895	677
895	3343
896	1186
896	422
896	3345
896	3204
897	836
897	911
898	1186
898	422
898	3345
898	836
898	911
898	3204
899	3204
899	911
899	836
899	741
899	3345
899	422
899	1186
900	485
900	2257
901	2257
901	3441
901	485
902	1081
902	499
903	1951
903	2020
903	1340
903	499
904	1951
904	2020
904	1340
905	2622
905	3102
905	2147
905	1497
906	1033
906	929
906	1132
907	1251
907	3597
907	1203
907	3598
907	1704
908	89
908	782
908	1749
909	1516
909	2767
909	1407
910	89
910	782
910	1749
910	1516
911	2767
911	1407
912	981
912	2469
912	1276
912	2279
912	2700
913	87
913	1200
914	2701
914	2088
915	3147
915	1070
916	1200
916	1070
916	2088
916	3147
916	3668
916	3669
916	2701
916	87
917	970
917	2313
918	788
918	970
918	2313
919	415
919	36
920	197
920	837
921	2654
921	2862
922	3238
922	3190
922	166
922	3169
923	166
923	3190
923	3238
924	1099
924	1179
925	2325
925	3230
925	3285
925	2794
926	1179
926	3662
927	3662
927	1179
927	2794
927	1099
927	3285
927	1640
927	3230
927	2325
928	1792
928	3364
928	1939
929	1937
929	371
929	1703
929	2273
929	3602
929	3261
930	3602
930	2273
931	2309
931	3643
931	2883
931	2798
931	2035
931	3428
931	1758
932	3428
932	2035
932	2798
932	3643
933	612
933	3541
933	504
933	1223
933	2979
933	307
934	307
934	2979
934	1223
934	1183
934	504
934	3153
934	3541
934	612
935	2823
935	2070
935	1142
936	1897
936	1852
936	2895
936	1159
937	2895
937	1159
938	2823
938	2070
939	1897
939	1852
939	1142
940	3056
940	2525
941	2328
941	3065
942	467
942	787
943	467
943	2525
944	2055
944	2279
945	691
945	3337
946	3177
946	2449
946	1307
947	2922
947	1774
947	2241
947	1463
947	492
947	3038
947	2998
947	2737
948	2737
948	2998
948	3038
949	1463
949	1774
950	2241
950	2922
951	492
951	1463
952	3264
952	984
952	2409
952	3246
952	3404
952	1483
952	2452
952	3406
953	1483
953	3404
954	1626
954	2669
955	3036
955	53
956	3036
956	53
957	1345
957	1827
958	3748
958	826
958	3747
958	3437
958	3746
959	1170
959	2298
959	761
959	342
959	1255
959	3622
960	1255
960	761
960	2298
961	3115
961	3319
961	1137
962	3115
962	3432
963	1514
963	897
963	1057
964	716
964	1553
965	115
965	1250
966	115
966	2211
966	1371
966	1950
967	1522
967	1600
967	596
967	267
967	2537
967	3262
967	3118
967	772
968	2537
968	267
968	596
969	2342
969	2785
970	322
970	1932
970	685
970	2148
971	1912
971	445
971	1148
972	2804
972	322
973	3005
973	1912
973	445
973	1148
974	1932
974	685
974	2148
975	568
975	423
975	1835
975	1447
975	3309
975	2865
975	877
976	282
976	2176
977	1829
977	3288
978	1709
978	3170
979	1856
979	1066
979	2278
979	2766
979	3171
980	1856
980	2278
980	2766
980	3171
981	101
981	2175
982	1913
982	1694
983	2787
983	761
983	856
983	2797
983	1306
984	2740
984	2797
984	1306
985	2364
985	2600
985	1335
985	134
985	1909
986	1909
986	2364
987	134
987	1335
987	2600
988	586
988	335
989	586
989	3150
989	354
990	2385
990	518
990	354
991	3234
991	284
991	1506
991	2526
991	137
991	3660
992	3234
992	3660
993	284
993	2526
993	137
994	2926
994	1578
994	2903
995	2468
995	2982
996	3319
996	3159
996	3209
997	3319
997	143
997	3159
998	3165
998	2933
999	1119
999	3165
1000	439
1000	2933
1001	837
1001	1325
1001	2314
1001	3388
1001	8
1001	1923
1001	1665
1001	2665
1002	2573
1002	1511
1002	1294
1002	947
1002	1469
1002	3053
1003	3053
1003	1469
1003	947
1003	1294
1003	1511
1004	2429
1004	2699
1005	618
1005	2964
1006	3145
1006	3350
1006	1904
1006	997
1006	3290
1007	2226
1007	997
1008	997
1008	3290
1009	3158
1009	3229
1009	3359
1009	1470
1009	1237
1009	1427
1010	477
1010	3124
1010	801
1010	1686
1010	1338
1010	1654
1010	184
1011	1686
1011	801
1011	3124
1012	686
1012	1242
1013	1814
1013	1242
1013	416
1013	686
1013	859
1014	1867
1014	700
1014	3022
1015	5
1015	2203
1015	3070
1016	3022
1016	1099
1016	700
1016	2559
1016	3070
1016	2203
1016	5
1016	1867
1017	1036
1017	470
1017	2494
1018	3300
1018	2851
1019	1518
1019	3606
1020	3607
1020	3605
1021	3195
1021	3296
1021	836
1021	515
1022	1841
1022	1593
1023	3596
1023	2606
1024	179
1024	2156
1024	377
1025	1530
1025	364
1025	263
1025	1504
1025	3420
1025	2093
1025	2222
1025	3075
1026	2093
1026	3420
1026	364
1027	3393
1027	1692
1027	1127
1027	102
1027	49
1028	1022
1028	807
1029	2451
1029	927
1029	2108
1030	2528
1030	178
1030	2353
1031	1283
1031	3355
1031	3119
1031	3
1032	3716
1032	3715
1032	3714
1033	2654
1033	814
1033	3243
1033	3113
1033	2862
1033	1433
1033	41
1033	896
1033	1129
1034	1738
1034	3465
1034	1805
1034	3464
1034	669
1035	3465
1035	3464
1035	669
1036	1738
1036	1805
1037	3296
1037	3230
1038	447
1038	3282
1038	1621
1038	2460
1039	1637
1039	709
1039	2460
1039	1621
1039	3282
1039	2120
1039	1541
1039	40
1039	2516
1039	447
1040	804
1040	1954
1040	2991
1040	761
1040	433
1041	433
1041	761
1041	2460
1041	2991
1041	600
1041	1954
1041	213
1041	804
1041	1105
1042	1438
1042	215
1043	1475
1043	3316
1044	1438
1044	3316
1045	668
1045	1475
1046	2283
1046	3032
1046	3630
1046	1379
1046	1804
1046	325
1046	1120
1047	3630
1047	2283
1048	1397
1048	3311
1048	759
1049	1397
1049	3311
1049	3321
1049	2661
1049	192
1049	759
1050	2661
1050	759
1051	63
1051	1011
1051	2022
1051	1253
1052	202
1052	157
1053	2647
1053	1253
1054	63
1054	2022
1055	1253
1055	2022
1055	2647
1055	157
1055	1011
1055	2393
1055	63
1055	202
1056	2461
1056	56
1057	1857
1057	1441
1057	3007
1057	1174
1058	695
1058	3325
1058	3156
1059	1312
1059	1004
1060	2562
1060	3244
1061	3046
1061	2196
1061	1947
1061	439
1062	1705
1062	3259
1063	3689
1063	1225
1063	1303
1063	2840
1063	2628
1063	2456
1063	196
1063	2514
1063	2391
1064	842
1064	1967
1065	1101
1065	99
1066	359
1066	3659
1066	939
1066	3421
1066	99
1066	1383
1066	1000
1066	1101
1067	1383
1067	3659
1067	359
1068	3267
1068	2715
1068	1524
1068	2864
1068	951
1069	2033
1069	388
1070	3236
1070	208
1070	3390
1071	1058
1071	526
1071	1965
1071	388
1071	2429
1071	2033
1071	3390
1071	208
1071	3236
1071	1832
1072	2497
1072	554
1073	3526
1073	1192
1073	786
1074	3526
1074	3525
1074	1988
1075	1192
1075	786
1076	3614
1076	1554
1077	3615
1077	2601
1077	3614
1077	1554
1078	183
1078	2817
1078	760
1078	426
1078	2375
1079	1030
1079	3212
1080	2375
1080	3212
1080	426
1080	1030
1080	525
1080	760
1080	2817
1080	183
1081	559
1081	3042
1081	1843
1081	1206
1082	1843
1082	3042
1082	559
1083	1843
1083	3042
1084	1206
1084	559
1085	3745
1085	2504
1085	2251
1086	1807
1086	32
1086	3744
1086	2099
1086	2614
1087	156
1087	1496
1088	919
1088	2594
1089	2594
1089	919
1089	1476
1090	2312
1090	128
1091	3182
1091	1461
1091	2953
1092	2243
1092	3182
1092	1461
1092	2760
1092	2953
1093	2953
1093	2760
1093	621
1093	2718
1093	128
1093	1461
1093	2312
1093	3182
1093	2243
1094	2312
1094	621
1095	3278
1095	3188
1096	2962
1096	2019
1096	2500
1096	3123
1097	2772
1097	779
1097	2970
1097	1173
1097	728
1098	491
1098	2970
1098	1173
1099	779
1099	728
1100	2772
1100	1031
1101	2859
1101	1560
1102	1190
1102	1741
1103	3450
1103	3449
1104	3448
1104	3449
1104	3211
1104	3450
1105	2541
1105	2362
1105	1513
1105	569
1105	173
1105	3367
1105	3031
1105	6
1106	6
1106	3031
1106	3367
1107	173
1107	569
1107	1513
1107	2362
1107	2541
1108	2302
1108	2182
1109	2769
1109	3245
1109	2668
1109	2505
1109	2187
1110	1077
1110	128
1111	2209
1111	93
1112	3649
1112	1966
1112	739
1112	1872
1113	372
1113	311
1114	3649
1114	1966
1114	311
1114	739
1115	3435
1115	1016
1115	2815
1115	275
1116	3435
1116	2815
1117	530
1117	665
1117	1256
1117	1578
1118	3264
1118	989
1118	1724
1118	761
1119	989
1119	1724
1120	3264
1120	989
1120	761
1121	3264
1121	761
1122	2826
1122	3026
1123	3730
1123	3729
1124	88
1124	3310
1124	2891
1124	1683
1125	1683
1125	2891
1125	3310
1125	1471
1125	1018
1125	3230
1125	88
1126	468
1126	3222
1127	1673
1127	3311
1127	2612
1127	3222
1127	1404
1127	468
1128	1185
1128	3306
1129	667
1129	229
1129	2387
1129	2943
1129	3306
1129	1185
1130	1185
1130	3306
1130	2943
1130	2387
1130	667
1131	300
1131	1685
1131	1097
1131	598
1131	441
1131	1065
1131	1357
1132	441
1132	598
1133	2179
1133	2782
1133	122
1134	3101
1134	3508
1134	425
1134	3037
1134	3509
1134	3108
1134	1688
1135	1651
1135	733
1135	2425
1135	590
1135	3593
1136	2289
1136	1515
1136	1416
1136	3084
1136	1501
1136	1789
1137	1515
1137	2289
1138	2597
1138	393
1139	3186
1139	1998
1140	556
1140	1850
1141	2327
1141	1280
1142	563
1142	2238
1142	3289
1143	2555
1143	1630
1143	1987
1143	3654
1144	3654
1144	1987
1144	1630
1144	2555
1144	628
1144	3655
1144	2354
1145	2634
1145	2522
1146	2153
1146	2634
1146	2522
1147	2761
1147	2002
1147	1655
1147	540
1147	3455
1148	925
1148	1867
1148	405
1149	1189
1149	1645
1150	925
1150	1867
1150	405
1151	2435
1151	3757
1151	975
1151	3756
1151	3755
1151	2685
1151	3754
1151	2738
1151	1543
1152	561
1152	1823
1152	383
1152	1940
1152	2476
1152	2824
1152	2305
1152	3129
1152	80
1153	1725
1153	2267
1153	670
1153	546
1153	3661
1153	2635
1153	2566
1153	1971
1154	1971
1154	2566
1155	705
1155	3029
1156	3142
1156	3006
1156	1013
1157	1013
1157	3142
1158	1734
1158	403
1159	3445
1159	403
1159	2799
1159	1734
1160	3163
1160	539
1160	2446
1160	3248
1161	2446
1161	539
1161	3163
1162	2318
1162	1710
1162	965
1162	1748
1163	1748
1163	965
1163	1959
1163	1710
1163	2927
1163	2318
1164	1658
1164	31
1164	3712
1164	465
1165	2245
1165	1700
1165	3112
1165	2763
1166	546
1166	637
1166	2904
1167	2434
1167	2603
1167	3304
1167	3315
1167	2997
1168	713
1168	3322
1169	2878
1169	218
1170	2878
1170	1043
1170	3490
1171	758
1171	2951
1172	72
1172	2234
1173	727
1173	2234
1173	1412
1173	72
1173	3559
1173	3253
1173	2951
1173	758
1174	3608
1174	2401
1174	3346
1174	2170
1174	25
1174	3051
1175	2756
1175	2201
1175	3547
1175	1490
1175	3548
1175	2595
1175	3549
1175	2463
1176	2463
1176	2595
1176	1490
1176	3547
1176	2201
1176	2756
1177	1052
1177	1074
1178	2005
1178	3375
1179	2972
1179	2977
1180	2007
1180	2442
1181	2806
1181	832
1181	2708
1181	624
1182	2915
1182	869
1182	1962
1182	3215
1183	136
1183	2865
1184	2865
1184	2302
1185	835
1185	1460
1185	3221
1185	1175
1186	1563
1186	1929
1186	3270
1186	2993
1187	2202
1187	1230
1187	837
1187	1966
1187	2293
1187	1158
1187	1182
1187	811
1187	1772
1187	2517
1188	2517
1188	1772
1188	811
1188	1182
1188	2293
1188	1230
1189	2995
1189	1813
1189	2879
1190	2145
1190	3184
1190	2879
1191	616
1191	1542
1191	1400
1191	1979
1192	2333
1192	2749
1193	1682
1193	3443
1194	2253
1194	1032
1195	3611
1195	3612
1195	3613
1195	459
1195	150
1195	3320
1196	459
1196	3613
1196	3612
1197	2845
1197	2049
1197	956
1198	2392
1198	2569
1199	132
1199	918
1199	249
1199	473
1199	0
1199	2754
1200	0
1200	2754
1201	132
1201	473
1202	2758
1202	2589
1202	3215
1203	3045
1203	823
1203	1753
1203	780
1204	930
1204	37
1204	1837
1204	822
1204	2506
1204	188
1204	841
1204	882
1205	3624
1205	3244
1205	361
1205	1276
1205	3235
1205	2703
1206	2212
1206	3049
1207	2476
1207	490
1208	3102
1208	2554
1208	2121
1208	51
1208	2561
1209	51
1209	2121
1209	2554
1210	3294
1210	1212
1210	2693
1210	2457
1211	574
1211	2224
1211	3047
1211	1103
1212	331
1212	442
1213	3540
1213	3154
1213	1090
1213	438
1213	2448
1213	442
1213	331
1213	1278
1214	802
1214	1141
1214	761
1215	2965
1215	388
1216	881
1216	2037
1217	1583
1217	3275
1217	2549
1217	2662
1218	1583
1218	2549
1218	923
1218	242
1219	2208
1219	242
1220	2699
1220	2307
1220	2727
1220	2131
1221	553
1221	1439
1221	1180
1221	179
1221	2156
1221	1461
1221	875
1221	1695
1221	3066
1222	3066
1222	1461
1223	281
1223	1425
1224	1911
1224	3298
1225	281
1225	1893
1225	238
1225	1425
1226	1911
1226	3298
1226	69
1227	1714
1227	1269
1227	734
1227	1040
1228	885
1228	1534
1228	1886
1228	2802
1228	2807
1229	2807
1229	1040
1229	734
1229	1269
1229	2802
1229	1886
1229	1714
1229	1534
1229	885
1230	2485
1230	1494
1231	2485
1231	1494
1232	283
1232	3360
1233	3555
1233	2570
1233	1181
1234	3555
1234	3307
1235	179
1235	1461
1235	1439
1235	553
1235	377
1236	3128
1236	959
1237	890
1237	662
1237	1019
1238	175
1238	625
1239	3618
1239	3619
1239	1362
1239	1117
1239	3620
1239	3621
1240	167
1240	1755
1241	964
1241	2543
1242	2171
1242	1767
1242	1713
1242	3227
1242	1182
1242	2221
1243	3518
1243	2494
1244	2171
1244	3227
1244	1182
1244	2221
1245	1687
1245	282
1245	1142
1246	2087
1246	1176
1246	2334
1246	290
1246	1955
1246	3303
1246	1142
1246	282
1246	1687
1247	1813
1247	2545
1248	2494
1248	454
1248	1656
1248	388
1248	1428
1248	2429
1249	1951
1249	1314
1250	1629
1250	797
1250	775
1250	1900
1250	154
1250	1918
1251	1419
1251	1284
1251	1761
1251	2085
1252	821
1252	2003
1252	785
1252	1167
1252	1323
1253	267
1253	3439
1254	1231
1254	2613
1254	3207
1255	1381
1255	413
1255	2298
1255	2075
1256	2298
1256	2075
1257	1763
1257	2863
1257	391
1257	837
1258	837
1258	391
1258	2863
1258	1763
1258	1445
1259	1148
1259	2184
1259	1508
1259	2381
1260	2184
1260	1508
1261	3041
1261	2206
1262	822
1262	188
1262	2506
1262	2338
1262	37
1263	470
1263	2242
1263	2039
1263	2687
1264	3766
1264	3765
1264	3764
1264	2094
1265	2460
1265	2556
1266	1890
1266	2556
1266	2068
1266	2460
1266	2286
1266	432
1266	2431
1266	715
1267	2919
1267	1910
1267	1788
1267	266
1268	1023
1268	1638
1268	2735
1268	1880
1268	231
1268	1017
1269	2592
1269	2886
1270	1638
1270	2735
1270	1880
1270	231
1270	1017
1271	630
1271	2530
1271	2481
1271	986
1272	3676
1272	2254
1272	3073
1272	1062
1272	2650
1272	91
1272	3677
1272	1608
1272	3678
1273	3678
1273	1608
1273	1062
1274	91
1274	2650
1274	3073
1275	1608
1275	1062
1276	3678
1276	91
1276	2650
1276	3073
1277	3570
1277	3571
1278	90
1278	516
1278	2280
1278	1581
1278	1045
1278	493
1278	2
1278	1786
1279	493
1279	1045
1279	1581
1279	516
1279	90
1280	1346
1280	1925
1280	566
1281	2965
1281	3357
1281	33
1281	558
1281	3111
1281	2546
1282	2965
1282	3357
1282	33
1282	558
1282	3111
1282	2546
1283	1650
1283	2577
1284	1195
1284	2163
1284	673
1284	2942
1285	1834
1285	2089
1285	508
1285	2067
1286	2067
1286	2089
1287	2067
1287	2089
1287	1834
1288	2166
1288	2663
1289	852
1289	2663
1289	2172
1289	143
1289	2166
1290	698
1290	148
1290	3274
1290	1508
1290	3178
1291	3091
1291	1901
1292	1854
1292	1125
1292	2032
1293	1043
1293	888
1293	977
1294	1043
1294	888
1294	1001
1294	977
1295	280
1295	374
1296	2300
1296	280
1296	374
1297	2368
1297	755
1298	3407
1298	220
1299	293
1299	755
1300	3426
1300	752
1301	752
1301	1065
1301	3426
1302	753
1302	2266
1302	1084
1302	3060
1302	2148
1302	1626
1302	1420
1302	3297
1303	3067
1303	2229
1303	1612
1304	928
1304	333
1304	1270
1304	1094
1304	1366
1304	1429
1304	2985
1305	1094
1305	928
1306	701
1306	565
1307	2683
1307	1403
1307	1324
1307	2858
1307	1365
1307	1783
1308	1430
1308	580
1308	792
1308	1942
1308	1329
1308	510
1308	2882
1309	2990
1309	338
1310	1492
1310	1949
1311	1870
1311	2107
1312	2107
1312	1690
1312	1870
1312	619
1312	1044
1313	1976
1313	2977
1314	2390
1314	2651
1315	240
1315	2834
1315	2390
1315	185
1315	1943
1315	668
1315	2651
1315	3230
1316	2748
1316	1891
1316	1059
1316	3138
1316	1217
1316	418
1316	3305
1317	2748
1317	1891
1317	1059
1317	3138
1317	1217
1317	418
1317	3305
1318	1721
1318	1919
1318	2841
1319	129
1319	2053
1320	3213
1320	126
1320	437
1321	3213
1321	126
1321	437
1321	2973
1322	2152
1322	1418
1322	3265
1323	1808
1323	410
1324	3265
1324	1418
1324	2152
1324	410
1324	1814
1324	1426
1324	1808
1325	1487
1325	507
1325	1672
1325	1289
1325	2935
1325	265
1325	3408
1326	3408
1326	265
1326	1289
1326	507
1326	1487
1327	2935
1327	1672
1328	1977
1328	830
1329	855
1329	1245
1330	1152
1330	2360
1331	2360
1331	1935
1331	846
1331	791
1331	974
1331	1152
1332	2523
1332	3064
1332	2034
1332	163
1332	833
1333	2523
1333	2034
1333	833
1334	3064
1334	163
1334	1936
1335	2350
1335	98
1336	910
1336	2611
1337	665
1337	2102
1337	174
1337	1692
1337	1442
1338	3043
1338	1644
1338	370
1338	938
1339	838
1339	2764
1339	1339
1339	2188
1340	2066
1340	343
1340	3354
1340	1961
1340	3014
1340	538
1341	838
1341	2764
1341	2188
1342	931
1342	2544
1342	287
1343	287
1343	2544
1343	931
1343	401
1344	2284
1344	1408
1344	3576
1345	3010
1345	589
1345	2348
1346	589
1346	2348
1347	2578
1347	589
1347	2348
1348	486
1348	2017
1348	880
1349	1009
1349	2707
1349	309
1349	1986
1349	514
1350	1009
1350	2707
1350	514
1351	1986
1351	514
1352	865
1352	503
1353	1328
1353	3589
1353	427
1354	2031
1354	1277
1355	427
1355	1277
1355	2031
1355	3589
1355	1328
1356	952
1356	2171
1356	535
1357	843
1357	2954
1357	3545
1357	3433
1358	843
1358	3433
1359	2092
1359	2653
1359	61
1359	783
1359	833
1359	3205
1360	783
1360	61
1360	2653
1361	1308
1361	396
1361	2776
1362	3336
1362	536
1363	1920
1363	76
1363	2776
1364	3062
1364	2333
1364	764
1364	3259
1364	2709
1365	15
1365	2064
1366	829
1366	502
1366	3162
1366	285
1367	829
1367	502
1368	2310
1368	1979
1368	2078
1369	1071
1369	285
1370	2011
1370	3016
1370	253
1370	2713
1371	3297
1371	387
1372	2713
1372	683
1373	3360
1373	3225
1374	1616
1374	1236
1375	2531
1375	934
1376	482
1376	2734
1377	953
1377	1619
1378	1370
1378	3172
1379	3025
1379	1254
1380	95
1380	189
1380	2801
1381	2681
1381	213
1381	2380
1382	1453
1382	2893
1382	2020
1383	3411
1383	1453
1383	2893
1384	1453
1384	2893
1385	1954
1385	523
1385	103
1386	523
1386	1954
1387	1414
1387	3329
1388	131
1388	799
1389	3329
1389	799
1389	1414
1389	131
1390	131
1390	1414
1390	3329
1391	2433
1391	3120
1391	180
1392	2433
1392	3120
1393	321
1393	3434
1394	1529
1394	321
1394	3434
1395	1884
1395	517
1396	472
1396	1246
1396	297
1396	2503
1397	708
1397	1806
1397	1983
1398	472
1398	1246
1398	297
1398	2503
1399	708
1399	1806
1399	1983
1399	2503
1400	1641
1400	2322
1400	312
1401	845
1401	168
1402	818
1402	1170
1403	3693
1403	1170
1404	845
1404	168
1404	484
1404	818
1405	2558
1405	647
1406	3089
1406	1121
1406	646
1406	1215
1406	3109
1406	526
1406	720
1406	2826
1406	688
1406	3126
1407	3126
1407	526
1408	688
1408	1215
1409	1121
1409	3089
1410	720
1410	646
1411	762
1411	13
1411	831
1412	1012
1412	611
1413	1500
1413	611
1413	1012
1413	62
1414	1205
1414	3387
1414	1227
1414	498
1414	1499
1415	2020
1415	1499
1415	498
1415	1227
1415	3387
1415	1205
1416	3700
1416	696
1416	997
1416	944
1416	1982
1416	14
1416	1717
1416	2932
1416	747
1416	1207
1417	2752
1417	1818
1417	950
1418	891
1418	2510
1418	1975
1419	768
1419	1218
1420	3339
1420	1350
1420	2532
1420	1218
1420	853
1420	2760
1420	3366
1420	3419
1420	768
1421	360
1421	2851
1422	100
1422	1591
1422	1656
1422	1037
1423	100
1423	1591
1423	1656
1423	1037
1424	537
1424	2480
1424	1606
1424	856
1424	3360
1424	2850
1424	2402
1424	1282
1425	1282
1425	856
1425	1606
1425	2480
1425	537
1426	2402
1426	2850
1426	3360
1427	3048
1427	614
1427	1765
1428	167
1428	1539
1428	3048
1428	1765
1429	1882
1429	3038
1429	2900
1430	3127
1430	2537
1430	3371
1431	2236
1431	2494
1431	2681
1431	1080
1431	3297
1431	2556
1431	1110
1431	388
1432	2556
1432	3297
1432	1080
1432	2494
1432	2236
1433	1098
1433	2847
1433	1315
1433	3342
1434	864
1434	2847
1434	1315
1434	3342
1435	110
1435	3581
1435	3580
1436	3581
1436	3580
1436	1671
1437	851
1437	3198
1437	2529
1437	988
1437	652
1437	2591
1437	2838
1437	44
1438	2944
1438	809
1439	2281
1439	1576
1440	190
1440	940
1440	1347
1440	507
1441	1347
1441	1099
1442	2133
1442	1711
1442	645
1443	2066
1443	2482
1444	2133
1444	1711
1444	645
1445	2133
1445	2066
1445	1711
1445	2482
1445	645
1446	645
1446	2482
1446	1711
1446	2066
1446	2133
1447	1402
1447	3215
1448	1604
1448	1999
1449	2669
1449	1827
1449	1999
1449	1484
1450	2669
1450	1827
1450	1999
1451	1931
1451	935
1451	2753
1451	2621
1451	2746
1452	2746
1452	2621
1452	935
1452	1931
1453	1113
1453	1262
1454	1214
1454	2378
1454	258
1454	1262
1454	1113
1455	2914
1455	1374
1456	1374
1456	2914
1456	1119
1456	3361
1457	742
1457	818
1458	1480
1458	223
1459	604
1459	144
1459	749
1459	2403
1460	1268
1460	2862
1460	2654
1461	858
1461	3360
1461	1564
1461	2938
1461	2908
1461	3077
1462	1564
1462	3360
1463	3160
1463	798
1463	1657
1463	2574
1463	1528
1463	1666
1464	651
1464	641
1465	3763
1465	651
1465	641
1465	954
1465	1041
1465	620
1465	77
1465	3762
1465	2423
1466	1138
1466	64
1466	1523
1466	3599
1466	883
1467	3599
1467	1523
1467	64
1467	1138
1468	761
1468	448
1468	1622
1469	1459
1469	1981
1470	1234
1470	778
1470	2527
1470	1495
1470	2759
1470	443
1471	1234
1471	778
1471	2527
1471	1495
1471	2759
1471	443
1472	443
1472	2759
1472	778
1472	1234
1473	1631
1473	265
1474	1327
1474	3396
1475	2602
1475	3105
1475	1778
1475	2165
1476	2602
1476	3105
1476	1778
1476	2165
1476	573
1476	1927
1476	773
1477	773
1477	1927
1477	573
1477	2165
1477	1778
1477	3105
1477	2602
1477	1468
1478	529
1478	161
1478	770
1478	2590
1479	3249
1479	1945
1479	2896
1479	2690
1479	3257
1479	423
1480	2896
1480	2690
1480	2004
1481	3249
1481	1945
1481	3166
1482	1795
1482	1952
1482	254
1482	967
1482	1275
1482	1681
1482	2010
1482	2151
1482	2910
1482	917
1483	724
1483	1621
1483	2557
1483	1415
1484	772
1484	1415
1484	2557
1484	1621
1484	724
1485	2490
1485	687
1485	996
1485	3451
1486	3451
1486	996
1487	3451
1487	687
1487	2490
1488	2954
1488	1446
1489	2869
1489	1675
1490	2976
1490	2438
1490	2755
1490	3237
1491	2135
1491	2969
1492	2023
1492	2969
1492	2135
1493	1135
1493	276
1494	1588
1494	1855
1495	2477
1495	2216
1495	1938
1496	1588
1496	276
1496	1803
1497	3391
1497	1804
1497	2464
1497	952
1498	3391
1498	979
1498	952
1498	2233
1499	3601
1499	2473
1499	222
1499	2916
1500	2473
1500	2916
1501	3601
1501	2473
1501	2916
1502	2771
1502	592
1503	3530
1503	3529
1504	3529
1504	3035
1504	592
1504	2771
1504	1948
1504	85
1504	3530
1504	2493
1505	1145
1505	2174
1506	195
1506	234
1507	2921
1507	558
1507	3057
1507	358
1507	2494
1507	2589
1507	244
1507	1080
1508	1080
1508	244
1508	2589
1508	2494
1508	358
1508	3057
1508	204
1508	558
1508	2921
1509	452
1509	3230
1509	3296
1509	1396
1510	455
1510	2351
1511	3317
1511	3293
1511	3297
1511	679
1511	1884
1511	2123
1512	473
1512	1868
1512	1827
1512	1959
1512	3201
1512	1272
1512	1663
1513	2276
1513	1443
1514	2062
1514	1047
1514	3721
1514	557
1515	2494
1515	509
1515	626
1515	470
1515	2565
1516	1586
1516	907
1516	3044
1516	1008
1517	2849
1517	481
1517	54
1517	3070
1517	2749
1517	2792
1518	2813
1518	1325
1519	444
1519	3277
1519	2196
1520	1238
1520	2914
1521	2624
1521	496
1521	1827
1521	1276
1521	2839
1522	3594
1522	1109
1522	781
1523	2319
1523	781
1524	3175
1524	1859
1524	1844
1525	613
1525	2776
1526	2587
1526	430
1526	344
1526	2815
1527	1991
1527	3665
1527	2811
1528	2227
1528	74
1528	247
1529	2042
1529	247
1529	74
1529	2811
1529	3665
1529	71
1529	2227
1529	1991
1530	74
1530	247
1531	2781
1531	2742
1531	1662
1531	2253
1531	637
1531	2041
1531	513
1531	2972
1531	997
1532	513
1532	637
1532	2253
1532	1662
1533	514
1533	2065
1533	1652
1534	514
1534	2065
1534	1723
1534	1652
1535	3644
1535	394
1535	1209
1535	470
1535	2921
1536	3009
1536	2920
1537	2929
1537	158
1537	1626
1537	3215
1537	1689
1537	3057
1538	2901
1538	169
1539	169
1539	1648
1539	3057
1539	1689
1539	2901
1539	3215
1539	1626
1539	158
1539	2929
1540	2671
1540	738
1540	1321
1540	169
1540	3308
1541	1330
1541	434
1542	966
1542	1110
1543	1636
1543	2275
1543	2554
1543	1382
1543	3220
1544	305
1544	1510
1544	3268
1545	206
1545	1210
1546	2632
1546	1342
1546	349
1546	2203
1546	147
1546	1450
1546	221
1546	649
1547	649
1547	221
1547	1450
1547	147
1548	2203
1548	349
1548	1342
1548	2632
1549	649
1549	1450
1549	349
1550	1356
1550	3178
1551	1292
1551	1356
1551	3178
1552	3139
1552	1258
1552	2061
1553	2061
1553	1258
1553	2160
1553	301
1553	3139
1554	1603
1554	123
1554	2033
1554	2458
1555	579
1555	2458
1555	2033
1555	123
1555	688
1555	1603
1556	1603
1556	2458
1557	1297
1557	2112
1557	632
1558	1932
1558	2733
1559	2898
1559	2430
1560	546
1560	1061
1561	2343
1561	2987
1562	124
1562	2068
1563	2041
1563	2770
1563	423
1564	2343
1564	2041
1564	2466
1565	3687
1565	3686
1565	3685
1565	3684
1565	3683
1565	3682
1565	3681
1566	500
1566	1863
1566	1039
1566	2540
1566	899
1567	1146
1567	2502
1568	332
1568	324
1568	1926
1569	1926
1569	324
1570	3722
1570	785
1571	588
1571	2016
1571	1701
1572	2389
1572	588
1572	2016
1573	2956
1573	3398
1573	3018
1574	2397
1574	3742
1575	1054
1575	2873
1575	3040
1575	3055
1575	2777
1575	659
1576	1932
1576	1311
1576	1110
1577	2652
1577	866
1578	1
1578	3048
1578	2657
1578	2157
1579	364
1579	2916
1580	2445
1580	2676
1581	3569
1581	742
1582	3298
1582	2331
1583	1262
1583	2373
1583	2214
1584	742
1584	3251
1585	2902
1585	2173
1585	345
1586	2417
1586	3285
1587	2837
1587	1456
1588	2837
1588	1456
1588	1079
1589	2197
1589	1288
1590	741
1590	2197
1590	1288
1591	2778
1591	176
1592	2524
1592	408
1593	3720
1593	3028
1594	3719
1594	3718
1595	1171
1595	1243
1596	141
1596	1142
1596	2587
1597	2587
1597	1867
1597	934
1597	1142
1597	2087
1597	141
1597	227
1597	2176
1598	2176
1598	227
1598	141
1598	2087
1598	1142
1598	934
1598	2587
1599	3637
1599	3636
1600	216
1600	1875
1601	3412
1601	1875
1601	216
1601	1092
1602	3701
1602	3702
1602	3703
1602	2934
1602	2139
1602	3704
1602	3705
1602	3706
1602	3707
1602	3708
1603	750
1603	390
1603	2968
1603	3291
1603	2989
1603	1264
1603	1810
1603	237
1603	2470
1604	2470
1604	1810
1604	750
1605	237
1605	1264
1605	2989
1606	402
1606	837
1607	2339
1607	3142
1608	3142
1608	1839
1608	2339
1608	825
1608	736
1608	837
1608	402
1608	636
1609	2659
1609	2702
1609	69
1610	1978
1610	386
1611	69
1611	165
1611	66
1611	2702
1611	386
1611	2659
1611	2484
1611	1978
1612	105
1612	3427
1612	2609
1612	204
1612	2081
1612	2057
1613	3427
1613	105
1614	1656
1614	2494
1614	2148
1614	2195
1615	1106
1615	3031
1616	2648
1616	1214
1616	1143
1616	1432
1617	1214
1617	1143
1618	1143
1618	2314
1619	1214
1619	658
1619	2314
1620	3384
1620	2137
1621	318
1621	151
1622	2126
1622	862
1622	1744
1623	1721
1623	3191
1624	2016
1624	1455
1624	1373
1624	1317
1624	2924
1625	2016
1625	1317
1626	1455
1626	1373
1627	2016
1627	1455
1627	1373
1627	1317
1628	1279
1628	2191
1629	2640
1629	1279
1629	3459
1629	2861
1630	2861
1630	3459
1630	2191
1630	1279
1630	2640
1631	1391
1631	2616
1632	1759
1632	3155
1632	225
1633	225
1633	2616
1633	1391
1633	3155
1633	1759
1634	3507
1634	3395
1634	3506
1635	3507
1635	3395
1636	1196
1636	1670
1636	2639
1637	1367
1637	3642
1637	55
1637	2639
1637	1670
1637	1196
1637	341
1638	2173
1638	1197
1638	1331
1638	402
1638	644
1638	2842
1638	323
1638	1036
1638	1866
1638	2429
1639	3369
1639	730
1639	3167
1640	730
1640	840
1641	551
1641	2133
1642	551
1642	2340
1643	991
1643	2133
1643	2340
1643	2130
1643	551
1644	545
1644	3691
1644	1574
1644	1963
1644	1519
1644	1743
1644	1903
1644	120
1644	1310
1645	1743
1645	1519
1645	1963
1645	1574
1645	3691
1645	545
1646	2264
1646	2884
1647	1269
1647	217
1647	2686
1647	1046
1647	3414
1648	1969
1648	3230
1649	1482
1649	1597
1650	2454
1650	2699
1650	3297
1650	2905
1650	1688
1651	2159
1651	1771
1652	1155
1652	419
1653	2699
1653	2921
1653	1311
1653	2429
1653	1110
1653	495
1653	2965
1654	1754
1654	127
1655	127
1655	1754
1655	2786
1656	2741
1656	1567
1656	2025
1656	2862
1657	995
1657	3008
1657	740
1657	2808
1658	740
1658	3008
1658	995
1659	1794
1659	3252
1660	612
1660	1803
1661	1984
1661	1617
1662	260
1662	352
1663	721
1663	2106
1663	1036
1664	3250
1664	1824
1664	423
1665	2551
1665	1715
1666	1715
1666	1233
1666	1959
1666	2551
1666	1566
1666	2424
1666	2952
1666	2188
1667	3728
1667	2542
1668	1682
1668	642
1668	605
1668	2478
1669	1800
1669	138
1669	2981
1669	2696
1669	2936
1670	1800
1670	320
1670	2696
1670	1269
1670	2204
1671	2988
1671	397
1671	544
1671	1239
1671	761
1672	1239
1672	544
1673	3297
1673	1827
1673	1384
1673	2247
1673	1756
1673	2429
1673	3688
1673	564
1673	648
1674	564
1674	3688
1674	2247
1675	2429
1675	3297
1676	1756
1676	1384
1677	948
1677	376
1678	316
1678	2814
1678	451
1678	2714
1679	948
1679	376
1679	316
1679	3335
1679	2814
1679	451
1679	2714
1680	316
1680	3335
1680	2814
1680	451
1680	2714
1681	3674
1681	3673
1681	1521
1681	3672
1681	2361
1681	1782
1682	1782
1682	2361
1682	2982
1682	3672
1682	1521
1682	761
1682	3673
1682	3674
1683	3674
1683	3672
1683	2361
1683	1782
1684	3374
1684	765
1685	2501
1685	2263
1686	1080
1686	1874
1686	2945
1686	2236
1686	2033
1686	2444
1686	122
1686	958
1687	1080
1687	1874
1687	2945
1687	2236
1687	2033
1687	2444
1687	122
1687	958
1688	1487
1688	920
1688	2530
1689	2043
1689	1959
1690	920
1690	2530
1691	214
1691	1895
1691	920
1691	2530
1691	1959
1692	1487
1692	2180
1693	3429
1693	710
1694	2788
1694	2494
1695	2731
1695	1379
1695	2194
1696	1896
1696	1853
1697	252
1697	2070
1697	1740
1698	922
1698	1816
1698	2109
1698	2116
1698	533
1698	1166
1699	329
1699	2485
1699	2346
1699	3427
1700	2485
1700	2346
1701	2329
1701	617
1702	1291
1702	1411
1702	2291
1702	2821
1702	2717
1702	2576
1702	1244
1703	1244
1703	2576
1703	2821
1703	1291
1704	2536
1704	2750
1705	2999
1705	2009
1705	143
1705	2677
1705	837
1706	1216
1706	2999
1706	2009
1706	2677
1707	3696
1707	3033
1707	3695
1708	3696
1708	3033
1708	3695
1709	1964
1709	805
1709	2918
1709	3110
1710	1964
1710	3696
1710	805
1710	1869
1710	3694
1711	2918
1711	3110
1712	2193
1712	3690
1712	3096
1712	3376
1712	803
1712	3415
1712	1629
1712	3206
1712	2975
1713	2975
1713	1629
1713	3415
1713	3096
1713	3690
1713	2193
1714	1142
1714	2071
1714	901
1714	1072
1715	1142
1715	2071
1715	901
1716	703
1716	1154
1716	3097
1717	703
1717	2195
1718	1677
1718	2689
1718	3334
1718	3095
1718	385
1718	902
1718	744
1718	3086
1719	744
1719	902
1719	385
1719	3095
1719	3334
1719	2689
1719	1677
1720	385
1720	2689
1720	1677
1721	744
1721	385
1721	3095
1721	3334
1721	2689
1721	1677
1722	2317
1722	795
1723	1768
1723	337
1724	3423
1724	1465
1724	152
1724	608
1724	337
1724	1768
1724	2828
1724	2225
1725	608
1725	152
1726	2021
1726	3427
1726	368
1726	1947
1726	1608
1726	388
1726	2429
1727	2429
1727	388
1728	1947
1728	368
1728	3427
1729	479
1729	2491
1729	1547
1729	603
1729	1722
1729	1970
1730	1970
1730	1722
1730	603
1730	1547
1730	2491
1731	329
1731	357
1732	2296
1732	237
1733	329
1733	859
1734	2980
1734	2296
1734	237
1735	1123
1735	859
1735	357
1735	237
1735	2296
1735	2560
1735	1343
1735	2980
1735	329
1736	2706
1736	1898
1737	1966
1737	2439
1737	353
1737	1096
1737	1989
1737	3349
1737	2815
1737	1898
1737	2706
1738	549
1738	3186
1738	2459
1739	549
1739	3186
1740	549
1740	2459
1741	1253
1741	3266
1742	592
1742	696
1742	2260
1742	1319
1742	2773
1742	2150
1743	2150
1743	592
1744	2260
1744	696
1745	583
1745	741
1746	2688
1746	3034
1747	2890
1747	2688
1747	3034
1748	3034
1748	2688
1748	2890
1749	3577
1749	3069
1749	789
1749	2415
1750	2420
1750	1796
1750	171
1750	1100
1750	2119
1750	2644
1751	171
1751	1796
1751	2420
1752	2950
1752	2674
1753	3232
1753	639
1753	546
1754	3484
1754	3485
1754	3486
1754	38
1754	3487
1754	3488
1754	2610
1755	2610
1755	38
1756	3488
1756	3486
1757	2464
1757	3190
1757	1458
1758	191
1758	1376
1758	1204
1758	3454
1758	693
1759	693
1759	1204
1759	1376
1759	191
1760	790
1760	1240
1760	1934
1760	3431
1760	2772
1760	884
1761	884
1761	543
1762	2195
1762	2520
1762	958
1763	2195
1763	958
1764	3430
1764	2051
1764	596
1764	1398
1764	68
1765	3430
1765	2051
1765	596
1765	1398
1765	68
1766	3590
1766	303
1767	983
1767	1537
1768	414
1768	983
1769	185
1769	2710
1769	3230
1769	3247
1769	1088
1770	2167
1770	3446
1771	3446
1771	591
1771	3447
1771	2167
1772	1086
1772	2699
1772	328
1773	3192
1773	3217
1773	3283
1774	3283
1774	3192
1775	960
1775	205
1776	930
1776	2338
1776	1837
1776	841
1776	37
1776	188
1776	2506
1776	882
1777	882
1777	2506
1777	188
1777	37
1777	841
1777	1837
1777	2338
1777	930
1777	2096
1778	1746
1778	367
1778	575
1779	3616
1779	2852
1779	26
1780	95
1780	1739
1781	1274
1781	1945
1781	1827
1781	1858
1782	2743
1782	1945
1783	2812
1783	2014
