0	2119
0	2521
0	998
1	995
1	2380
1	787
1	3115
2	1049
2	2076
2	2305
3	511
3	2018
3	1663
4	1663
4	2305
4	954
4	3281
4	108
4	2076
4	1049
4	2018
4	511
5	3350
5	2338
5	1401
6	783
6	1401
6	2077
6	2338
6	3350
7	2107
7	3417
7	2531
7	3416
7	2240
7	2972
7	568
8	3417
8	2531
8	2240
8	3415
9	418
9	2911
9	135
9	23
9	1218
10	418
10	23
10	1218
11	1473
11	2725
11	2385
11	2802
12	2759
12	1965
13	2251
13	1055
14	3311
14	261
15	2573
15	1940
15	1803
15	341
15	852
16	341
16	1803
16	1940
17	1482
17	2267
18	3285
18	1171
18	1429
19	13
19	1800
20	3285
20	1800
21	1657
21	2342
22	459
22	1602
23	1442
23	738
24	1442
24	3322
25	786
25	1981
26	1851
26	2327
27	1851
27	2915
27	1254
27	1647
28	2327
28	2852
29	1851
29	2327
30	285
30	2275
31	865
31	681
31	572
31	2821
31	1512
31	2306
32	2306
32	1512
33	1397
33	2779
34	1869
34	2630
34	1715
35	167
35	1740
35	3029
35	705
35	3149
36	3029
36	1740
36	167
37	871
37	2502
37	1506
37	2997
37	3448
37	2454
38	2454
38	2997
38	1506
38	2502
38	871
39	1051
39	1193
40	2662
40	2640
41	1471
41	3432
41	3198
41	2394
42	2394
42	3432
43	3277
43	1988
44	3498
44	1120
44	3248
44	3497
44	1532
45	2426
45	2135
46	995
46	865
46	406
46	725
46	1090
46	1388
46	1771
46	389
47	725
47	865
48	2521
48	658
49	1217
49	940
50	126
50	1220
50	2543
51	1533
51	2464
52	1406
52	2464
53	2254
53	3088
53	1980
53	1034
53	1030
53	34
54	1034
54	1030
54	34
55	2710
55	2339
55	360
55	1896
56	1896
56	2339
56	2710
57	662
57	1534
58	1404
58	2734
59	3447
59	310
60	129
60	176
61	2545
61	3303
62	3316
62	1582
62	2538
62	1592
62	2073
63	2560
63	1672
63	1586
63	2254
63	1611
64	2560
64	1586
64	2254
65	1938
65	2470
65	2964
65	1176
65	1675
65	1719
65	184
65	402
66	1076
66	3218
66	1083
66	313
66	2890
66	1939
67	2890
67	313
67	1083
68	595
68	1259
68	3018
68	2116
68	3036
68	49
68	1614
68	3039
68	1421
69	2418
69	2057
69	3168
70	1292
70	2371
70	863
70	2633
70	420
70	1250
70	2103
71	2265
71	546
71	834
71	3419
71	2437
71	1199
71	1510
71	31
71	1387
72	834
72	2437
72	2099
72	1510
72	1387
73	2265
73	834
73	2437
73	1387
74	2265
74	546
74	3419
74	1199
74	1510
74	31
75	2099
75	1510
75	31
76	3419
76	1387
77	1804
77	3189
78	2854
78	701
78	3392
79	3392
79	1921
79	1692
79	701
79	2854
79	2084
79	2592
79	1596
79	2591
79	1554
80	1491
80	493
80	494
80	1505
80	3270
81	3270
81	1505
81	494
81	493
81	1491
81	2991
81	3148
82	723
82	2654
82	251
83	1983
83	847
83	276
84	2429
84	2654
84	251
85	1983
85	276
86	622
86	1527
86	2104
86	1153
86	1101
86	72
86	2803
87	72
87	1153
88	2104
88	1527
89	2803
89	72
89	1101
89	1153
89	622
90	2974
90	926
90	1817
90	464
91	2974
91	2
91	2073
91	124
91	926
91	1817
91	224
91	464
92	1583
92	1170
92	1083
92	2013
92	1261
93	2352
93	1083
93	104
94	1583
94	1170
94	2013
94	1381
94	1261
95	428
95	1980
95	3263
96	455
96	2147
97	70
97	2273
98	3312
98	2503
98	2410
98	2625
98	3369
98	3000
98	557
99	2633
99	1107
100	1625
100	2712
100	2381
100	1107
100	219
101	831
101	1199
102	1199
102	768
102	992
102	831
102	2152
103	2152
103	992
104	28
104	3442
104	2019
104	378
105	1914
105	3249
106	3005
106	1588
107	2938
107	185
108	359
108	1286
109	1950
109	1095
110	392
110	1095
110	1950
110	2304
110	3207
110	2256
111	127
111	1746
112	127
112	324
113	1035
113	1110
114	1960
114	168
115	688
115	1848
116	1848
116	688
116	1822
117	1434
117	2866
117	390
117	1816
117	1142
117	2169
117	3170
117	520
117	916
118	916
118	520
118	2169
118	2866
118	1434
119	2184
119	1837
120	3176
120	2957
120	16
121	1374
121	178
121	889
122	178
122	1374
123	66
123	703
123	1431
123	286
123	1301
123	2617
124	66
124	703
124	1431
124	286
124	1301
124	2617
124	165
125	2656
125	2692
125	424
126	2110
126	2600
126	3336
127	2103
127	2289
127	1559
128	1559
128	2763
128	2289
128	2103
129	2289
129	2763
130	704
130	627
131	627
131	970
131	704
132	1363
132	1248
133	960
133	2140
133	1246
133	1469
133	3321
133	1701
133	2703
134	2703
134	3321
134	1246
134	960
135	1710
135	1319
135	1467
136	277
136	1467
136	2995
136	1319
136	1710
136	1413
136	3079
137	3056
137	1409
137	2726
137	1106
137	3080
137	1089
137	2663
138	3056
138	1409
138	2726
138	3080
138	1089
138	2663
139	3436
139	95
139	1088
139	2787
139	1209
140	2574
140	1605
140	3365
140	775
140	250
140	879
141	879
141	775
141	1605
142	1243
142	2548
142	507
142	405
142	2532
143	1616
143	2189
143	1898
143	645
143	1275
144	1984
144	2073
144	1275
144	645
144	1898
144	1381
144	2189
144	1616
144	866
145	866
145	1381
146	1661
146	1162
147	2595
147	3368
147	771
147	548
147	1299
147	1874
147	2602
148	1274
148	1748
148	2954
148	583
148	455
148	408
149	2399
149	1752
149	2349
149	1983
149	609
149	2416
149	2422
150	2545
150	2555
150	1206
150	881
150	12
150	1499
150	1599
151	2851
151	180
152	895
152	3266
152	2480
153	1316
153	1510
153	1503
153	2938
154	1510
154	2938
155	64
155	3063
155	1248
155	2209
155	3237
155	80
156	970
156	3166
157	3166
157	80
157	3237
157	970
157	2209
157	1248
157	3063
157	64
158	1350
158	463
159	1437
159	961
159	348
160	463
160	961
160	348
161	961
161	348
162	1121
162	861
162	2869
162	519
163	519
163	2869
163	1121
164	519
164	2869
165	384
165	2208
166	3185
166	2579
167	806
167	2420
167	1220
167	2213
168	114
168	853
168	1077
169	3102
169	889
169	6
169	420
170	2117
170	384
170	2931
171	2946
171	2423
172	1270
172	2726
172	2965
173	131
173	3231
173	140
174	2111
174	528
175	3084
175	1400
175	3083
176	3084
176	2545
176	1400
176	3083
176	2792
177	3227
177	2011
178	401
178	3065
178	2736
178	1858
179	2877
179	1858
180	1357
180	2855
181	2855
181	1357
181	1432
181	2656
182	2656
182	1357
182	2855
183	1184
183	1827
183	1852
183	1075
183	545
183	436
183	717
184	3284
184	316
185	316
185	2122
186	3385
186	3384
187	3385
187	260
187	2788
187	3384
188	3052
188	1640
189	1578
189	2597
190	1630
190	2248
190	1640
190	2597
190	3057
190	3052
190	1578
190	3271
191	2863
191	1185
192	2820
192	2512
193	2996
193	2512
193	2820
193	2233
193	1102
194	1102
194	2996
195	1348
195	1957
196	1759
196	1348
196	1957
197	1957
197	1348
197	1787
197	2711
197	998
197	1759
198	2285
198	858
198	726
199	442
199	2081
200	442
200	2604
201	2081
201	2604
201	442
202	780
202	2147
202	2499
203	2499
203	2147
203	780
203	1394
204	1757
204	2088
205	455
205	1399
205	2492
205	1701
205	376
205	814
205	970
205	3220
206	3220
206	970
206	814
206	376
206	2492
206	1399
206	455
207	1233
207	2134
208	2134
208	1008
208	1233
209	172
209	1788
209	1052
209	15
210	1195
210	3123
210	2120
210	2156
210	3267
210	2421
211	373
211	1742
211	984
211	1806
211	1873
211	3397
211	1731
211	3398
211	2912
212	2912
212	3398
212	1873
212	1806
212	1742
212	373
213	1731
213	3397
213	984
214	3076
214	322
215	1861
215	1116
216	2403
216	3226
216	399
217	1871
217	1199
217	2034
218	2762
218	973
218	744
218	3101
219	2762
219	973
219	744
220	2635
220	1047
220	1858
221	2635
221	1858
222	1858
222	1047
222	2635
222	820
223	2932
223	170
224	2308
224	170
225	2308
225	1969
225	3297
226	1549
226	695
227	857
227	2767
228	153
228	857
228	2767
228	2308
228	1969
228	3297
229	1236
229	1355
230	2990
230	3074
230	380
230	1537
230	37
230	1252
230	329
230	936
230	1746
231	1537
231	2990
232	449
232	271
233	271
233	1008
233	514
233	218
233	1855
233	2128
233	449
233	2151
233	146
234	514
234	1008
235	2891
235	2612
236	1909
236	824
236	148
236	3465
237	1514
237	648
238	2611
238	37
238	2334
238	1514
238	648
239	648
239	1514
239	420
239	2334
239	2808
239	1167
239	37
239	2611
240	2523
240	1881
240	1654
241	2902
241	677
241	835
241	1455
241	3240
241	1873
241	264
241	2987
241	2370
241	2663
242	1996
242	2687
243	40
243	326
244	2687
244	1996
244	326
244	40
245	1324
245	2853
246	220
246	2853
247	2633
247	9
248	2633
248	9
248	2127
249	2127
249	9
249	3342
249	2633
250	697
250	826
251	1096
251	1839
252	3376
252	1065
252	697
253	722
253	1691
254	2633
254	179
255	1924
255	558
255	2837
255	933
256	1924
256	558
256	2837
257	1966
257	1948
258	1451
258	77
258	195
259	77
259	1966
259	1948
260	2521
260	1609
261	2110
261	2201
262	429
262	1945
262	726
262	3036
263	1497
263	1936
263	2457
263	707
263	1685
264	1745
264	497
265	945
265	2533
265	329
266	2661
266	1924
266	1
266	3174
266	2147
266	2340
266	236
266	853
267	605
267	2534
268	1594
268	2534
269	925
269	2440
269	2058
269	952
269	1027
270	952
270	2058
271	2816
271	3177
272	1881
272	2922
272	1949
272	2813
272	2545
272	281
272	3421
272	2850
272	2549
272	137
273	281
273	2922
273	1881
274	3337
274	2682
275	1875
275	1077
275	455
276	455
276	1077
276	1875
276	543
276	1428
276	11
276	3290
276	668
277	1857
277	553
278	1750
278	380
279	3062
279	2664
280	2594
280	2671
281	2340
281	291
282	1441
282	1022
282	316
282	1503
283	35
283	3112
283	154
284	154
284	3112
284	35
284	2383
284	1386
284	3181
284	1067
284	2089
284	3235
285	2353
285	1496
286	2353
286	3058
286	1496
286	1456
287	1456
287	1496
287	3058
287	2353
287	2264
288	2633
288	635
288	1250
288	1378
289	2438
289	2425
289	3495
289	3325
290	3133
290	1618
290	2587
291	2366
291	1704
292	330
292	2881
293	2587
293	2881
293	1704
293	1338
293	2366
293	1618
293	330
293	3133
293	2742
294	2621
294	1241
294	1955
294	1881
295	1409
295	2653
296	1965
296	2251
297	1965
297	1334
297	2983
298	1201
298	3126
299	1201
299	3050
299	2794
299	3126
300	3371
300	2832
300	1628
300	1904
300	1094
300	2705
301	3371
301	1628
301	1094
301	2705
302	3069
302	509
302	1749
302	1059
302	1258
303	1258
303	1059
303	1749
303	3069
304	1011
304	1907
304	898
304	2445
304	1730
305	1730
305	1140
305	2445
305	898
305	1907
305	1011
306	915
306	921
306	3132
306	50
307	332
307	921
307	3132
307	50
308	915
308	332
309	1227
309	2043
309	877
309	2001
309	804
310	1436
310	1227
310	2043
310	2001
311	2110
311	1476
311	2878
311	689
311	2597
311	329
311	39
311	404
311	2669
311	1372
312	1107
312	2884
312	2340
312	736
312	1569
312	81
312	64
313	3380
313	1636
313	3379
313	3378
313	659
313	934
314	3380
314	1636
314	3379
314	3378
315	319
315	102
316	2780
316	19
317	2780
317	19
317	36
318	2545
318	3111
318	1812
319	2922
319	1999
319	1055
320	2411
320	2922
320	1999
320	2517
320	1055
321	2290
321	1393
322	1058
322	2290
322	1393
322	284
323	712
323	2774
323	162
323	2040
324	712
324	2774
324	162
324	2040
325	1249
325	989
325	2095
326	2028
326	1747
327	1249
327	2028
327	1747
327	989
327	2095
328	2214
328	3275
328	2369
328	3229
328	1866
328	686
328	935
329	1335
329	2162
329	2356
329	449
329	3294
329	129
329	1842
329	1003
329	1070
329	82
330	129
330	449
331	3294
331	2162
332	938
332	603
333	1880
333	2347
334	596
334	625
335	919
335	2226
336	2179
336	2323
337	115
337	1560
338	1784
338	784
338	842
339	3255
339	741
340	2073
340	1659
340	648
340	1462
340	2200
340	2893
341	2096
341	2627
342	3045
342	1679
342	86
343	1522
343	86
343	1679
343	3224
343	3045
344	2857
344	1968
344	2149
345	1968
345	2857
346	3066
346	2868
346	3361
346	2543
346	3032
347	1783
347	420
347	128
347	1517
348	420
348	1783
349	3331
349	1550
350	2350
350	3422
350	927
350	3313
351	1540
351	3423
351	2468
352	69
352	970
352	3131
352	2268
352	2554
352	672
352	3073
353	1453
353	142
354	142
354	1830
355	3006
355	2606
356	817
356	1868
356	2606
356	1503
356	2086
356	3006
356	2079
356	1240
357	1257
357	1027
357	1293
357	1783
358	986
358	752
359	684
359	3473
360	986
360	1719
361	3141
361	3236
362	750
362	1986
362	2755
363	750
363	1201
364	1986
364	2755
365	988
365	3091
366	2914
366	3091
366	988
367	2271
367	2642
368	3294
368	2073
369	2916
369	2330
369	430
369	1399
369	362
369	1521
369	1001
369	2898
370	228
370	850
370	695
371	850
371	695
372	2749
372	1942
373	3461
373	2908
373	2487
374	1108
374	2487
374	1235
374	941
374	2908
374	3461
374	3262
374	3153
375	2798
375	1080
375	1201
376	1201
376	1080
377	1998
377	1751
377	1228
377	556
378	3470
378	1202
379	1082
379	1033
380	1984
380	2451
381	534
381	358
381	363
382	534
382	358
383	164
383	1622
383	2216
383	512
383	584
384	1762
384	2909
384	2730
385	1181
385	2921
386	2805
386	2909
387	682
387	1099
387	2093
387	1976
388	1700
388	262
388	89
388	618
388	2984
389	1700
389	89
390	406
390	618
390	2638
391	2509
391	623
392	2203
392	2740
392	2773
392	463
392	1395
393	3304
393	1463
393	2979
394	3119
394	1455
394	2286
394	3078
394	2505
394	2427
394	1148
394	1755
395	1755
395	1148
395	2427
395	2505
395	2286
395	3119
396	2652
396	1383
396	2285
396	3308
396	669
396	3200
397	3341
397	1985
397	2483
397	1481
398	2483
398	1985
398	3341
399	666
399	853
399	2958
399	843
399	2659
400	2205
400	1306
400	3300
400	2260
401	2504
401	1732
402	1732
402	2719
402	2504
402	2260
402	3300
402	1306
402	2205
403	1477
403	1352
403	1270
404	312
404	2814
404	682
405	1984
405	1477
405	1352
405	1270
405	2795
406	2123
406	22
407	1834
407	2408
408	1124
408	2938
409	111
409	2938
410	3403
410	1124
410	111
410	2699
410	1044
410	2938
411	2100
411	2684
412	2767
412	2139
412	819
412	1756
412	1671
413	1598
413	2543
413	1463
414	1463
414	1671
414	2543
414	1756
414	1598
414	819
414	2139
414	2767
415	1179
415	2430
416	2322
416	240
416	2649
417	1807
417	71
418	671
418	1823
418	3489
419	287
419	2885
420	420
420	2500
421	2543
421	394
422	452
422	1553
423	1553
423	2829
424	2218
424	785
425	3483
425	3087
426	3087
426	412
426	2608
426	1328
427	1761
427	51
427	1486
428	3426
428	2147
428	1992
428	237
428	1
428	1297
428	853
428	2928
428	2543
428	3109
429	3109
429	2543
429	853
429	1297
429	1
429	237
429	1992
429	2147
430	212
430	67
431	3119
431	2003
431	1711
431	3040
431	1006
432	125
432	2142
433	125
433	1543
434	1186
434	1519
435	1478
435	1604
436	2302
436	314
437	2690
437	2263
437	3242
437	2194
437	2666
438	2690
438	3242
438	1196
438	2666
439	1056
439	3410
439	788
439	3411
439	3412
439	3413
439	454
439	278
439	2017
439	3414
440	3414
440	454
440	3412
441	3411
441	1056
442	2343
442	998
443	3220
443	970
443	2568
443	210
443	5
444	299
444	782
444	1418
445	2809
445	3460
445	2765
445	2576
446	3279
446	2567
446	2041
447	1427
447	333
448	1953
448	527
449	292
449	1953
449	527
450	1741
450	1333
451	1822
451	995
452	2143
452	1333
453	1741
453	1725
454	1932
454	1014
454	3020
455	3020
455	1932
456	2582
456	1285
457	2701
457	1165
457	747
457	112
458	476
458	1439
458	2701
458	926
459	1777
459	991
459	2346
460	2073
460	102
460	1372
460	1248
461	1553
461	1248
461	1372
461	102
461	2073
461	2163
462	85
462	320
462	3347
463	637
463	1016
464	855
464	3355
464	293
464	3356
464	1736
465	2761
465	223
466	3459
466	3053
467	3459
467	1735
468	876
468	3053
469	2643
469	1735
470	2206
470	222
471	1735
471	2206
471	222
472	3359
472	2526
472	1645
473	3359
473	1183
473	1645
474	2526
474	1746
475	68
475	2303
476	654
476	269
476	3206
476	97
477	917
477	607
477	2624
477	1384
477	3220
477	410
477	1107
478	2515
478	3220
479	2640
479	1005
479	3211
479	1289
479	2539
479	2304
479	1975
479	680
479	782
480	680
480	2539
480	3211
481	2038
481	767
482	2287
482	3457
482	3253
483	2287
483	3253
484	3191
484	616
485	1752
485	717
485	2505
485	76
485	2965
485	2663
485	1664
485	1499
486	1080
486	1818
486	1769
486	168
487	2828
487	1509
488	2076
488	1881
488	3256
488	3298
488	1961
489	1881
489	280
489	3298
489	1961
490	1961
490	3298
490	280
490	3256
490	1881
490	2076
490	1025
491	1297
491	1189
492	2968
492	3178
492	2724
492	716
493	409
493	1099
494	2968
494	3178
494	1099
494	2724
494	716
495	123
495	3392
495	2818
496	1105
496	2348
496	2498
496	1362
497	1362
497	3391
497	2498
497	2348
497	1105
497	2818
497	3392
497	123
498	3295
498	236
498	2903
498	3026
498	1680
498	308
498	1297
499	1222
499	2535
500	1222
500	149
501	1977
501	451
501	1433
501	1663
501	370
502	370
502	1663
502	1977
503	2905
503	2422
504	2540
504	1589
505	2138
505	1824
506	883
506	2633
506	2289
506	1559
506	2255
506	2103
506	870
506	1295
507	718
507	3129
507	1452
508	1452
508	3129
508	1950
508	718
509	2594
509	745
509	2110
510	987
510	585
510	3202
510	438
511	552
511	2868
512	2686
512	2300
512	2298
512	1872
512	1768
513	16
513	243
514	2686
514	2300
514	1872
515	2298
515	1768
516	462
516	1734
516	236
516	1518
516	1360
517	2303
517	342
517	614
517	621
517	380
518	621
518	342
519	1883
519	2227
520	1217
520	2826
520	1199
520	849
520	639
520	2537
520	359
520	1135
520	608
520	979
521	608
521	359
521	1199
522	2745
522	3104
523	3104
523	93
523	2745
524	2767
524	1455
525	2005
525	2154
526	3197
526	2767
527	1455
527	2154
527	2767
527	2868
527	3197
527	1358
527	3079
527	2005
528	2474
528	3159
529	255
529	3305
529	1758
530	3305
530	1984
530	1935
531	574
531	1758
532	1045
532	868
532	605
533	2281
533	98
533	2475
533	634
534	98
534	2475
535	3394
535	3393
535	2613
536	393
536	2073
536	674
537	710
537	632
537	1284
538	1284
538	422
539	221
539	3482
540	3335
540	3195
540	2192
540	929
540	1655
540	789
541	3335
541	3195
541	2192
541	929
541	1655
541	789
542	1023
542	484
543	484
543	3251
543	1023
543	642
543	735
544	2025
544	1325
544	796
544	79
544	569
544	837
544	1272
545	728
545	2301
545	786
546	2720
546	3452
547	1881
547	3453
547	3329
548	3452
548	43
548	3329
548	2720
548	3453
548	1881
548	1485
549	3003
549	3156
549	967
549	624
550	624
550	967
550	3156
550	3066
550	3003
551	3171
551	908
551	1174
551	1122
552	1042
552	2185
553	687
553	530
553	2467
554	138
554	3214
554	2622
554	38
555	2543
555	1911
555	1428
556	2090
556	2903
557	2090
557	1553
557	2903
558	811
558	2892
559	2586
559	3273
559	1515
559	2892
559	724
559	811
560	3273
560	2586
561	2543
561	890
561	3077
561	3225
562	449
562	2073
562	1652
562	2422
563	2422
563	2073
563	449
564	2118
564	2343
564	1285
564	708
565	2059
565	551
566	2059
566	551
566	2977
566	1374
566	2973
567	3431
567	1815
568	385
568	338
569	1979
569	2277
569	3161
569	2842
570	606
570	1582
571	3228
571	3180
572	482
572	3158
572	2965
572	2024
572	943
572	879
573	879
573	943
574	1181
574	2091
574	768
575	768
575	1181
576	2340
576	970
576	284
576	2732
576	496
576	734
576	213
576	1327
576	3180
576	1072
577	1072
577	1327
577	213
577	734
577	496
577	284
577	970
577	2340
578	1370
578	3389
579	414
579	828
580	1457
580	2519
581	828
581	371
581	2519
581	3389
581	414
581	1370
581	912
581	1457
582	225
582	1760
583	1273
583	930
584	59
584	1461
585	59
585	1461
586	571
586	2337
587	284
587	2147
588	1797
588	2947
588	2249
588	3478
588	2490
589	1797
589	2249
590	3478
590	2490
591	284
591	1797
591	2947
591	2249
591	2147
591	571
591	3478
591	2490
591	2337
592	3388
592	12
592	3387
592	2545
593	3388
593	3387
594	2546
594	2276
595	825
595	1424
596	1565
596	205
597	186
597	121
598	2860
598	3437
598	417
599	1572
599	2029
600	2940
600	807
601	2067
601	3113
601	745
601	202
602	2449
602	2158
602	1591
603	426
603	3471
603	1791
603	731
603	2160
603	1798
603	1320
604	403
604	1029
605	1320
605	1798
605	2160
605	1029
605	731
605	1791
605	403
605	3471
605	426
606	2996
606	2657
607	2110
607	1173
608	394
608	2027
608	1364
608	981
608	2363
608	3463
608	1455
608	1499
609	1499
609	1455
609	3463
609	1364
609	2027
609	394
610	590
610	1553
610	1136
611	1136
611	590
612	3479
612	1879
612	1200
612	1078
612	894
612	2202
612	178
612	3297
613	444
613	2092
613	2202
614	1078
614	3297
615	894
615	178
616	964
616	1321
617	964
617	455
617	1321
618	9
618	420
618	41
618	1794
618	1292
618	20
619	2284
619	2697
620	1647
620	93
621	1647
621	93
621	2284
622	977
622	1808
622	1263
622	3293
622	1953
622	3451
622	2674
623	2674
623	3451
623	1263
624	1232
624	1423
624	503
624	1833
624	2231
624	2469
624	1129
624	161
624	2318
625	1848
625	1564
625	2228
626	567
626	1574
627	3038
627	2536
627	87
627	2559
627	490
628	3038
628	2536
628	87
628	2559
628	490
629	2278
629	1309
629	3178
629	49
629	2419
630	602
630	776
630	483
631	602
631	483
632	2753
632	3345
632	1889
632	918
633	2382
633	3022
634	807
634	5
634	2073
634	2367
634	465
634	2611
635	2611
635	465
635	2073
635	807
636	2367
636	5
637	2066
637	2925
637	3150
637	1796
637	1720
638	412
638	380
639	2066
639	1796
639	1720
640	1822
640	380
641	3233
641	901
641	975
641	2294
641	270
642	655
642	1440
643	518
643	2632
643	2271
643	3297
644	1579
644	1924
644	54
645	2802
645	630
645	2611
646	801
646	349
647	364
647	1428
648	2654
648	2225
649	3244
649	17
650	3230
650	2815
650	3468
650	2585
650	1601
650	611
650	2354
650	1377
651	1695
651	1954
652	2938
652	3140
652	537
653	1903
653	2503
653	554
654	1314
654	48
654	470
654	339
655	1314
655	48
655	470
655	339
656	947
656	1487
657	1727
657	2811
658	1187
658	2440
658	2137
659	12
659	2073
659	1498
659	2027
659	1616
660	1395
660	3309
660	1349
660	2665
661	2432
661	2728
661	3472
661	391
661	118
662	2432
662	2728
662	3472
662	2665
663	1395
663	3309
663	1349
663	391
663	118
664	523
664	1050
664	3390
664	2247
664	2262
664	1886
664	2951
664	3204
665	2951
665	1886
665	2262
665	2247
665	3390
665	1050
665	523
666	1766
666	489
666	477
667	489
667	1766
668	3127
668	2110
668	3440
668	3028
668	2073
669	2073
669	3028
670	2873
670	2049
671	816
671	2846
672	816
672	2049
673	1256
673	400
673	1187
673	398
673	2889
674	1256
674	400
674	398
674	2889
675	1698
675	1372
675	781
676	2486
676	968
676	1046
677	765
677	636
677	3046
677	2055
677	1071
678	1071
678	1804
679	1137
679	1804
679	1071
679	2055
679	3046
679	636
679	765
679	1848
680	2830
680	3183
680	1709
680	331
680	83
680	1502
681	2667
681	1502
681	83
681	331
681	1709
681	3183
681	2830
682	2830
682	331
683	700
683	1346
683	1789
683	1017
684	1346
684	1789
684	1017
685	1438
685	1495
686	329
686	1495
686	1438
687	516
687	995
687	2721
687	238
687	2417
687	1632
687	740
688	740
688	1632
688	2721
688	516
689	3193
689	523
689	2110
690	2323
690	523
691	3250
691	3395
691	1074
692	1074
692	3395
692	2110
692	523
692	3193
692	2323
692	3250
692	717
693	2289
693	2633
693	2103
693	420
694	2597
694	953
694	1281
694	1548
695	65
695	1673
696	2102
696	1163
696	120
696	1858
696	2395
697	1858
697	120
698	1450
698	965
698	949
698	669
698	1133
698	2073
698	1110
699	949
699	1450
700	2073
700	965
701	1365
701	1871
701	3276
702	1610
702	3276
702	1871
702	1365
703	2074
703	996
703	1389
703	3289
703	2887
704	3289
704	1389
704	996
705	1443
705	1318
706	3280
706	3475
707	685
707	1467
707	1093
708	3130
708	1318
709	685
709	3474
709	1467
709	2012
709	1093
709	3130
710	3079
710	1753
710	2746
711	2484
711	692
712	3175
712	352
713	678
713	2819
713	809
714	2819
714	678
715	3438
715	1342
716	2787
716	224
717	479
717	563
717	1074
718	1379
718	479
718	563
719	1379
719	693
719	2750
720	1551
720	377
721	1793
721	976
721	3192
722	2071
722	1900
723	2071
723	2948
723	1900
724	1793
724	976
725	456
725	2049
725	3336
725	427
725	1542
725	821
725	873
726	2856
726	2441
727	2075
727	582
727	652
727	667
727	2810
728	582
728	652
729	1561
729	2688
729	2208
730	1561
730	2688
730	2208
731	2823
731	3219
732	353
732	3340
732	3145
733	939
733	943
733	2748
733	2133
733	2106
733	184
733	2455
733	1743
734	1743
734	184
734	2133
734	2748
734	943
734	939
735	856
735	2950
735	3265
735	3454
736	1444
736	447
736	1619
736	1538
736	94
736	3011
736	2054
736	2518
737	2054
737	3011
737	1619
737	447
738	2518
738	2054
738	94
738	1538
738	1444
739	1929
739	714
739	1066
740	1929
740	1066
741	1380
741	3196
741	2676
742	223
742	892
742	1931
742	949
742	61
742	375
742	2325
742	969
743	2325
743	375
743	892
744	3481
744	1426
744	2956
744	2633
744	2144
744	183
745	1053
745	2073
746	3261
746	1221
747	3307
747	1139
747	1226
748	1139
748	188
749	3307
749	2945
749	3143
750	284
750	2743
751	1494
751	2004
751	2049
752	2004
752	1494
753	2037
753	1690
754	144
754	1898
755	311
755	3315
756	2793
756	485
756	2810
757	875
757	3363
758	3364
758	3068
759	243
759	613
759	3320
760	3320
760	613
760	257
760	889
760	2581
760	1484
760	2241
760	243
761	2100
761	3082
762	1182
762	1678
762	1173
762	598
762	1728
762	268
762	1114
762	1721
762	3042
763	3042
763	1114
763	268
763	1173
763	1678
764	598
764	1182
765	3155
765	3366
766	2522
766	3128
766	3366
767	1557
767	1455
767	3326
768	3090
768	3086
768	2459
769	1557
769	1455
769	3326
769	3090
769	2459
770	600
770	3086
771	1557
771	1455
771	3326
771	3086
772	469
772	2965
773	395
773	2166
774	469
774	2166
775	1079
775	2844
776	1079
776	2844
777	3203
777	2886
777	191
777	1916
777	3089
777	439
777	915
777	239
777	2497
778	2497
778	239
779	439
779	3203
780	1354
780	1844
780	842
780	3102
781	1354
781	1844
781	3102
782	1255
782	842
783	1658
783	3336
784	1366
784	1658
784	3336
785	1790
785	1026
785	547
786	1790
786	1026
786	547
787	3278
787	1315
787	2601
788	2601
788	1315
789	836
789	1881
789	1638
789	910
790	851
790	943
790	2926
791	2105
791	215
791	2341
791	759
791	3424
791	1073
791	2926
791	943
791	851
791	1277
792	3220
792	1877
793	1877
793	1567
794	2478
794	669
794	2439
794	2333
794	2396
794	3099
795	1411
795	1545
795	320
795	3458
796	1411
796	1545
797	1411
797	1545
797	1357
798	3487
798	2015
799	431
799	1612
799	245
799	1276
799	1941
800	3049
800	235
801	1737
801	460
802	3049
802	460
802	235
803	1729
803	931
804	3254
804	931
804	1501
804	3184
805	1819
805	2768
805	466
805	2401
805	1547
805	1160
805	317
806	2401
806	2768
807	413
807	982
807	2219
807	1980
808	1980
808	2219
808	982
808	2557
808	413
809	982
809	1980
810	1831
810	23
811	2569
811	1500
812	1831
812	2569
812	1500
813	1356
813	3316
814	2998
814	1967
814	1283
814	791
814	3023
814	1481
814	1323
814	1144
815	555
815	2645
816	1670
816	717
816	644
816	402
816	1752
816	1871
816	2771
816	1526
816	2433
817	3043
817	696
818	2489
818	2647
818	1862
819	926
819	1007
820	926
820	2090
821	1980
821	1639
821	956
822	1980
822	956
823	2611
823	956
823	1639
823	329
823	1980
824	1898
824	2463
824	2939
824	1580
824	420
825	420
825	1580
826	2938
826	1534
826	2126
826	2783
826	2849
827	2849
827	2938
828	2967
828	977
828	1420
829	977
829	2967
830	1912
830	943
830	2230
830	717
830	2775
830	7
830	2982
830	2708
831	2708
831	943
831	1912
832	717
832	2230
833	2982
833	2775
833	717
833	943
833	1912
834	102
834	3294
835	102
835	1726
836	1571
836	817
837	1571
837	102
838	2007
838	1617
838	476
838	1801
838	272
838	2032
838	2702
838	628
838	3146
838	380
839	2321
839	1130
839	479
839	440
839	1013
839	491
839	1685
839	542
839	958
839	467
840	2786
840	3253
840	2073
841	3135
841	2740
841	1772
842	1708
842	839
842	329
842	3401
842	2260
842	3334
842	1901
842	450
842	356
843	356
843	450
843	1901
843	3334
843	2260
843	3401
843	839
843	1708
844	971
844	2981
844	257
844	1186
844	2767
844	1964
845	2981
845	1186
845	2354
846	257
846	2767
847	854
847	3338
847	3339
848	3339
848	3338
849	321
849	2245
850	1381
850	2506
850	878
850	2509
851	2343
851	561
852	1873
852	2234
852	1762
852	717
853	3193
853	2036
854	550
854	2374
855	2146
855	639
856	1720
856	2146
856	639
857	1138
857	3383
858	994
858	3382
858	3381
858	675
859	994
859	3382
859	675
860	2345
860	40
861	217
861	372
862	2351
862	3150
863	2351
863	719
863	217
864	3429
864	10
864	2018
864	2316
865	2782
865	518
865	2460
865	1135
865	2379
865	2127
866	1906
866	2835
867	593
867	2541
868	1483
868	1976
869	1976
869	2153
870	3336
870	3430
871	3430
871	3336
871	3213
871	3094
872	2020
872	531
872	1474
872	1250
872	1287
872	648
872	2293
872	1223
873	2293
873	531
874	1287
874	1474
875	2937
875	1371
875	3139
875	2620
875	1303
875	2514
875	2239
875	1049
876	2239
876	1303
877	1049
877	3139
878	1575
878	1685
878	294
878	2575
879	294
879	2575
880	2757
880	1092
881	3450
881	3449
881	1989
882	178
882	1774
883	2046
883	3247
884	1989
884	1774
884	3247
884	178
884	2046
884	3449
884	3450
885	471
885	1329
886	3070
886	1724
886	1310
886	2064
886	1329
887	1835
887	3071
888	2130
888	386
888	2336
888	2110
888	2715
889	2130
889	2110
890	3125
890	1623
890	3203
891	2274
891	126
891	1220
891	2543
891	500
891	2481
892	2404
892	2453
893	2148
893	2220
894	2404
894	2453
895	2980
895	937
896	2388
896	2171
896	1770
896	2658
896	533
896	3134
896	78
897	2171
897	1770
897	1181
897	2658
898	2309
898	896
898	1267
898	1269
899	2566
899	3373
899	665
899	2894
899	3374
899	1410
899	3375
900	2566
900	3373
900	665
900	2894
900	3374
900	1410
900	3375
901	1613
901	1040
902	2882
902	3493
903	3444
903	3169
904	2288
904	3225
904	2547
905	53
905	508
905	1290
906	53
906	1666
907	650
907	1593
907	2834
907	3207
908	3207
908	2834
908	650
909	700
909	107
910	925
910	335
911	468
911	372
912	3333
912	468
913	1881
913	576
914	3144
914	576
914	3060
914	1881
915	2935
915	1523
915	416
915	256
915	3160
915	423
916	2496
916	1166
916	231
916	3370
916	829
917	2496
917	1166
917	231
917	3370
917	829
918	351
918	289
918	2987
918	2737
918	862
918	2501
918	2178
919	47
919	88
919	2731
920	3456
920	2993
921	790
921	88
922	1793
922	2611
922	2565
922	2663
922	2668
922	1134
923	957
923	685
924	2565
924	957
924	2663
924	1134
925	1134
925	2668
925	2663
925	1191
925	685
925	957
925	2565
925	2611
925	1793
926	1074
926	1455
927	1008
927	3028
928	1100
928	1008
929	1455
929	1074
929	3028
929	1008
929	2663
929	1100
930	70
930	3098
930	2589
931	827
931	2756
932	3093
932	1031
932	383
932	909
932	3309
933	3093
933	2444
934	2478
934	586
934	1300
935	1300
935	586
936	455
936	420
937	9
937	3494
937	2289
938	1279
938	3121
939	1481
939	676
940	3490
940	2006
941	1765
941	2865
941	1926
941	1475
941	1015
942	1015
942	2865
943	240
943	2406
943	1111
943	2855
944	1761
944	609
945	2900
945	753
945	1694
945	754
945	1873
946	766
946	1032
946	2051
946	2986
946	1864
947	2791
947	1211
947	2861
948	1865
948	683
949	2221
949	1714
950	1581
950	2640
951	2068
951	872
952	872
952	1800
952	2068
953	2190
953	715
953	414
953	1459
953	913
953	2310
954	3425
954	2362
955	1074
955	1600
956	3323
956	1845
956	1020
956	2752
957	3238
957	1307
957	3119
958	1446
958	71
959	3124
959	3304
960	90
960	3172
961	620
961	304
961	3124
962	620
962	304
963	2633
963	1794
964	1236
964	1503
964	812
965	329
965	1503
965	267
966	3386
966	1236
966	3035
966	812
967	329
967	2583
968	2883
968	420
968	178
969	178
969	1199
970	266
970	247
970	1553
971	303
971	226
971	1389
972	303
972	2650
972	2472
972	2904
972	1389
972	2326
973	226
973	1389
974	2472
974	1702
974	2904
974	2326
975	1330
975	2924
975	2599
975	2197
975	2897
975	2229
976	1956
976	1773
976	2281
976	2777
976	455
977	1773
977	455
978	1912
978	2124
978	3292
979	1912
979	3292
980	1912
980	2124
981	2661
981	2307
982	1884
982	1642
983	1884
983	525
984	425
984	1958
985	880
985	366
986	203
986	25
987	1202
987	990
987	2136
987	517
987	2424
987	257
988	2907
988	2112
988	1608
988	721
988	257
988	2424
988	517
988	2136
988	990
988	1202
989	1202
989	990
989	2136
990	517
990	2424
990	257
990	721
991	1219
991	2747
992	2747
992	629
992	1219
993	1934
993	769
993	2223
994	640
994	1730
995	1899
995	594
995	1229
995	1172
995	2060
995	2960
995	1814
995	1252
995	113
995	1805
996	1252
996	1814
996	594
997	774
997	2880
997	1008
997	243
997	2317
998	1173
998	2809
999	166
999	1584
1000	1372
1000	166
1000	1584
1001	1009
1001	1838
1001	477
1002	1009
1002	1372
1002	166
1003	2167
1003	2744
1003	3254
1003	1860
1003	2482
1003	2588
1003	495
1003	1556
1003	2473
1003	1244
1004	1556
1004	495
1004	2588
1004	2482
1004	3254
1004	2744
1005	2343
1005	1439
1005	1463
1006	2543
1006	1930
1007	2094
1007	1930
1007	1194
1007	2543
1007	2861
1007	2994
1007	924
1007	1595
1007	822
1008	2994
1008	1930
1008	2094
1009	1103
1009	2110
1010	379
1010	702
1010	2495
1010	1634
1011	3496
1011	1098
1011	1832
1011	823
1012	305
1012	2097
1013	3332
1013	2238
1013	884
1014	3048
1014	1881
1015	3332
1015	2238
1015	3048
1015	1881
1015	884
1016	487
1016	420
1017	758
1017	257
1017	732
1018	2147
1018	2188
1019	2999
1019	1811
1020	1811
1020	2188
1020	1216
1020	2147
1020	2999
1020	2250
1021	2073
1021	288
1022	1667
1022	1780
1023	2073
1023	1667
1023	2364
1023	1918
1023	288
1023	2824
1023	1152
1023	1780
1024	1463
1024	1562
1025	174
1025	257
1026	2629
1026	420
1026	103
1027	1390
1027	1085
1027	1262
1027	3344
1028	1963
1028	2543
1029	2870
1029	2269
1029	2494
1030	1963
1030	2280
1030	2543
1030	2269
1030	2718
1031	2870
1031	2494
1032	396
1032	1577
1032	3237
1032	109
1033	2030
1033	2207
1033	983
1033	2867
1034	2934
1034	3476
1035	2867
1035	2119
1036	181
1036	1464
1036	2611
1036	2189
1036	1019
1036	307
1036	1653
1037	307
1037	2189
1037	1464
1037	181
1038	1653
1038	1019
1039	257
1039	420
1040	2957
1040	3282
1041	1302
1041	1125
1042	1125
1042	1302
1042	2314
1043	2314
1043	1302
1044	1714
1044	2917
1045	1126
1045	786
1046	1298
1046	1854
1046	2917
1046	2953
1046	786
1046	2031
1046	1712
1046	1126
1046	1714
1047	3013
1047	9
1047	2985
1047	2073
1047	420
1047	2633
1047	578
1047	2462
1047	1234
1048	1234
1048	2633
1048	420
1048	2985
1048	9
1048	3013
1049	1568
1049	282
1049	2562
1050	1982
1050	2675
1051	172
1051	3291
1052	1982
1052	172
1052	1247
1052	2675
1052	3291
1053	172
1053	2874
1053	3075
1054	942
1054	1445
1055	244
1055	3360
1055	380
1056	2520
1056	1877
1057	1877
1057	380
1057	2520
1057	3360
1057	265
1057	244
1058	541
1058	449
1058	1008
1058	2243
1058	2304
1058	888
1058	2670
1059	2304
1059	1008
1060	2670
1060	2243
1061	1427
1061	328
1062	899
1062	1928
1062	601
1062	2413
1063	1908
1063	2927
1064	980
1064	233
1064	1331
1064	1187
1064	253
1064	417
1065	950
1065	3180
1065	2611
1066	1841
1066	1563
1067	2215
1067	3157
1067	1180
1068	1841
1068	1739
1068	946
1069	845
1069	1454
1070	1431
1070	3357
1070	1414
1070	1301
1070	3108
1070	1155
1071	1301
1071	1431
1072	1480
1072	2244
1072	1936
1072	717
1072	1455
1072	1130
1072	772
1073	779
1073	3142
1073	943
1073	588
1073	717
1073	3027
1074	779
1074	3142
1074	943
1074	588
1074	3027
1075	1507
1075	720
1075	2754
1076	1507
1076	720
1077	1208
1077	2644
1078	1208
1078	885
1079	2508
1079	2644
1079	237
1079	777
1079	2770
1079	435
1079	462
1080	437
1080	3302
1080	1065
1080	1919
1080	1697
1080	1563
1080	3118
1081	3118
1081	1563
1081	1919
1081	3302
1081	437
1082	1607
1082	3362
1082	354
1082	234
1083	1947
1083	234
1084	2505
1084	141
1084	1351
1084	2663
1084	99
1085	1012
1085	2398
1085	1118
1086	1937
1086	2616
1086	298
1086	1508
1086	1849
1086	2580
1086	318
1087	2580
1087	1849
1088	3072
1088	3319
1088	443
1089	3072
1089	3319
1089	443
1090	242
1090	2706
1090	2343
1090	340
1090	792
1090	3064
1091	242
1091	2706
1091	2343
1091	3064
1092	336
1092	3327
1092	1677
1092	2796
1093	2796
1093	3327
1093	336
1094	2896
1094	2542
1094	0
1094	1430
1094	3119
1094	2949
1095	2191
1095	2436
1095	1037
1096	2149
1096	1037
1096	2436
1096	2191
1097	1704
1097	345
1098	1656
1098	1716
1098	2409
1099	2736
1099	2045
1099	1895
1099	1417
1099	1754
1099	748
1099	182
1100	1754
1100	1417
1101	365
1101	3434
1101	2631
1101	609
1102	609
1102	2631
1102	365
1103	1206
1103	446
1103	2614
1103	1422
1104	840
1104	1312
1104	2663
1104	1069
1104	191
1105	1203
1105	1499
1105	2787
1105	50
1105	350
1105	3117
1105	3008
1106	2871
1106	30
1107	1525
1107	175
1108	2871
1108	3400
1108	30
1108	3399
1109	3268
1109	211
1110	211
1110	2751
1110	938
1110	795
1110	2332
1110	96
1110	3268
1110	2989
1111	1776
1111	3270
1111	2693
1112	560
1112	751
1113	3252
1113	37
1114	1168
1114	2840
1115	2072
1115	661
1115	539
1116	1308
1116	2893
1116	1374
1116	1068
1116	178
1117	943
1117	1298
1118	275
1118	1662
1118	1587
1119	1587
1119	1662
1120	2571
1120	2065
1120	2717
1120	2199
1121	2571
1121	2065
1121	2717
1121	3055
1121	2199
1122	155
1122	2452
1122	1305
1123	907
1123	160
1123	2899
1124	1305
1124	2899
1124	160
1124	907
1124	2452
1124	155
1125	907
1125	2899
1126	859
1126	1723
1127	180
1127	116
1128	1820
1128	2527
1129	1242
1129	2685
1129	1716
1130	1820
1130	1242
1130	2685
1131	2527
1131	1716
1132	192
1132	1925
1132	544
1132	867
1132	185
1133	192
1133	1925
1133	544
1133	867
1133	1271
1133	185
1134	867
1134	1271
1134	185
1135	192
1135	1925
1136	3179
1136	1239
1137	3179
1137	1083
1138	1239
1138	1083
1139	742
1139	1498
1140	2258
1140	3488
1141	3464
1141	2689
1141	757
1142	757
1142	2660
1142	2689
1142	216
1142	3209
1142	3464
1142	1707
1142	749
1143	3025
1143	612
1143	2471
1143	673
1144	2000
1144	1368
1144	145
1145	2328
1145	2000
1145	1236
1145	2738
1145	1291
1145	1573
1145	3119
1145	1368
1145	145
1146	1893
1146	2727
1147	1893
1147	1644
1148	1510
1148	1105
1149	1024
1149	978
1150	2799
1150	694
1150	106
1151	2272
1151	206
1151	441
1152	998
1152	2343
1153	2343
1153	669
1154	2343
1154	669
1154	3041
1155	2942
1155	45
1156	1528
1156	904
1156	2503
1157	581
1157	2691
1157	2433
1157	103
1157	1503
1158	2590
1158	620
1159	581
1159	2691
1160	2175
1160	1503
1161	2590
1161	327
1162	2648
1162	2266
1162	2344
1162	1109
1162	1138
1163	1109
1163	2344
1163	2266
1163	2648
1164	3187
1164	1951
1164	259
1165	1686
1165	1762
1165	252
1165	1944
1165	649
1165	177
1165	1499
1165	1159
1166	1686
1166	1762
1166	252
1166	1944
1166	649
1166	177
1166	1499
1166	1159
1167	768
1167	1267
1168	301
1168	2862
1169	1829
1169	1904
1169	2491
1169	2862
1170	472
1170	2609
1170	617
1170	246
1171	472
1171	2609
1171	617
1172	246
1172	617
1172	2609
1172	679
1172	1702
1172	472
1173	631
1173	1198
1173	2376
1174	1781
1174	4
1174	2063
1175	1590
1175	1648
1176	939
1176	2733
1176	1004
1176	1938
1176	189
1176	351
1177	351
1177	189
1177	1938
1177	1004
1177	3405
1177	2733
1177	2372
1177	3406
1177	939
1178	2204
1178	1266
1178	2895
1178	2992
1179	2992
1179	2895
1179	1266
1180	208
1180	1251
1181	1158
1181	369
1181	938
1181	1621
1181	510
1181	2620
1181	2875
1182	1621
1182	1158
1183	938
1183	369
1184	55
1184	920
1184	2324
1184	1744
1184	1637
1184	2319
1184	1962
1185	55
1185	920
1185	2324
1185	1744
1185	1637
1185	1962
1186	536
1186	1682
1186	2963
1186	3108
1186	1372
1186	2023
1187	2923
1187	2938
1188	2790
1188	3
1188	2971
1188	241
1188	2550
1189	2971
1189	241
1190	458
1190	60
1190	601
1191	1553
1191	2129
1192	1090
1192	2692
1192	2807
1193	763
1193	2103
1194	2807
1194	2103
1194	1479
1194	2692
1194	763
1194	1090
1195	100
1195	2033
1195	134
1195	1177
1195	1687
1195	157
1195	1337
1195	46
1195	1825
1196	1687
1196	1177
1196	134
1197	1483
1197	1381
1198	1748
1198	236
1199	2259
1199	12
1199	573
1199	1804
1199	166
1199	1210
1199	2246
1200	2259
1200	1210
1201	841
1201	1778
1202	1570
1202	1460
1203	3038
1203	1408
1204	2836
1204	368
1204	127
1205	2393
1205	368
1205	1849
1205	127
1206	3336
1206	2836
1207	626
1207	3033
1208	626
1208	194
1209	329
1209	646
1210	329
1210	3336
1211	3445
1211	1891
1211	1188
1212	2076
1212	1188
1213	2076
1213	3215
1214	2076
1214	711
1215	2021
1215	2769
1215	3372
1215	966
1215	3034
1215	1280
1215	2978
1216	2978
1216	966
1216	3372
1216	2769
1216	2021
1217	63
1217	2611
1218	243
1218	2611
1219	1455
1219	2611
1219	2943
1220	63
1220	2010
1221	846
1221	243
1222	2833
1222	2085
1222	906
1222	1984
1222	674
1222	1902
1222	2355
1222	187
1222	2061
1222	1340
1223	674
1223	2833
1224	1902
1224	1984
1225	1696
1225	212
1226	2955
1226	669
1227	996
1227	1398
1228	669
1228	2456
1229	669
1229	2002
1230	2841
1230	505
1230	3138
1230	448
1230	799
1230	1676
1231	1676
1231	799
1231	3138
1231	2841
1232	3015
1232	2704
1233	3015
1233	3030
1234	2704
1234	3030
1235	2196
1235	2847
1235	2647
1235	231
1236	2407
1236	3217
1236	506
1236	2291
1237	2430
1237	951
1238	821
1238	3296
1239	1212
1239	897
1240	3284
1240	1144
1240	2641
1240	589
1240	2073
1241	1144
1241	3284
1242	589
1242	2641
1243	2786
1243	1971
1243	1493
1243	1913
1244	1493
1244	1971
1245	1991
1245	2222
1246	1458
1246	147
1246	1991
1246	337
1246	2222
1247	1458
1247	337
1248	2767
1248	1688
1248	171
1248	1984
1248	1718
1249	1718
1249	1984
1249	1688
1249	2767
1250	1984
1250	2767
1251	1718
1251	1984
1251	2767
1252	1718
1252	1688
1253	1888
1253	974
1253	2048
1253	3199
1254	2387
1254	1104
1254	1705
1255	656
1255	3485
1255	3484
1255	2101
1256	993
1256	2150
1256	1375
1257	1127
1257	1225
1258	2637
1258	756
1259	126
1259	1699
1259	2147
1260	433
1260	393
1261	1882
1261	709
1261	382
1261	3232
1261	2929
1261	2052
1261	597
1261	1994
1261	2159
1261	381
1262	381
1262	2159
1262	2052
1262	2929
1262	3232
1262	382
1263	592
1263	2791
1263	1365
1263	50
1263	270
1263	3216
1263	3233
1263	891
1264	1722
1264	3004
1265	1204
1265	1897
1265	1585
1266	2707
1266	216
1267	1339
1267	3358
1267	380
1267	1317
1267	274
1267	3300
1268	274
1268	380
1269	2435
1269	728
1270	3002
1270	1021
1270	2516
1270	3486
1270	2009
1271	3486
1271	1643
1272	887
1272	2366
1273	2366
1273	887
1273	2108
1273	457
1274	421
1274	1489
1275	2789
1275	580
1275	599
1276	2789
1276	599
1277	2378
1277	1466
1278	2193
1278	2511
1278	1074
1278	136
1278	507
1278	199
1278	2906
1278	1752
1278	2279
1279	2477
1279	1813
1280	660
1280	2252
1281	1910
1281	2252
1281	660
1281	1064
1282	1336
1282	1481
1282	687
1283	1843
1283	3054
1283	591
1284	1843
1284	1846
1284	3054
1284	591
1285	797
1285	1856
1286	361
1286	3106
1286	2237
1287	2402
1287	2577
1288	2714
1288	3203
1288	278
1288	768
1288	1289
1288	2283
1288	831
1289	278
1289	3203
1290	2283
1290	1289
1291	2435
1291	971
1292	971
1292	1646
1292	961
1292	463
1293	802
1293	2195
1294	961
1294	463
1295	2435
1295	1646
1296	2903
1296	3324
1297	3260
1297	178
1297	1801
1297	1101
1297	730
1297	2397
1298	2397
1298	1801
1298	178
1299	1245
1299	1801
1300	1323
1300	3258
1300	3346
1301	3346
1301	3258
1301	1323
1301	2187
1302	3258
1302	3346
1303	2253
1303	482
1303	1181
1304	2253
1304	482
1304	3176
1304	1181
1304	2741
1304	768
1305	1115
1305	3234
1305	1546
1305	2295
1306	2767
1306	2521
1307	2217
1307	254
1308	198
1308	997
1309	1885
1309	1332
1309	198
1309	1187
1309	1993
1309	2270
1310	2806
1310	2987
1310	3044
1310	1867
1311	1867
1311	3044
1311	2933
1311	2987
1311	2806
1312	755
1312	938
1312	998
1312	178
1313	1917
1313	178
1313	998
1313	914
1313	938
1313	755
1313	2510
1314	998
1314	1917
1315	2205
1315	2161
1315	1341
1315	2696
1315	2232
1316	91
1316	1683
1316	713
1316	498
1316	2525
1316	455
1317	2443
1317	2507
1318	2672
1318	1038
1318	2952
1318	2507
1318	2145
1318	2443
1319	1689
1319	1481
1319	1397
1320	2358
1320	1481
1320	3167
1321	832
1321	3439
1321	1767
1322	832
1322	1767
1323	21
1323	1881
1324	343
1324	357
1325	357
1325	420
1325	2276
1325	1647
1325	2687
1325	1627
1325	343
1325	782
1325	1359
1326	3059
1326	3035
1327	3035
1327	1212
1328	2315
1328	794
1328	2845
1328	1626
1328	1235
1328	2975
1328	3272
1328	705
1328	380
1329	2845
1329	794
1330	380
1330	705
1330	3272
1330	2975
1330	1235
1330	1626
1330	794
1331	2623
1331	2115
1332	1974
1332	2062
1332	1635
1332	1236
1332	92
1333	1391
1333	2655
1333	1008
1333	2848
1334	92
1334	1236
1334	2848
1334	1008
1334	2655
1334	1392
1334	1391
1334	1635
1334	2062
1334	1974
1335	3274
1335	279
1336	3274
1336	1143
1337	148
1337	2530
1337	2335
1338	706
1338	1931
1338	325
1339	1623
1339	706
1339	1931
1339	325
1339	1997
1339	1674
1339	977
1340	1763
1340	122
1341	1943
1341	117
1342	2969
1342	117
1343	152
1343	2969
1344	606
1344	1903
1344	2073
1345	2141
1345	2923
1345	2164
1346	8
1346	2597
1347	2832
1347	8
1347	14
1347	2597
1348	1097
1348	1535
1348	1231
1348	75
1348	3441
1349	1062
1349	1668
1350	29
1350	2359
1351	1367
1351	2858
1352	1558
1352	787
1353	1367
1353	2858
1354	1304
1354	1490
1355	1782
1355	1147
1355	746
1355	866
1355	1821
1355	663
1355	1562
1355	1796
1356	1562
1356	746
1357	959
1357	2513
1358	1990
1358	158
1359	1452
1359	24
1359	2384
1359	1922
1360	1922
1360	24
1361	2087
1361	2563
1361	1412
1361	1145
1362	1412
1362	2563
1362	2087
1363	1818
1363	2677
1363	2242
1363	2125
1364	2242
1364	1818
1365	1204
1365	2446
1366	2578
1366	739
1366	842
1366	1347
1366	2707
1366	50
1366	2296
1366	2061
1366	1455
1367	1455
1367	2061
1367	2296
1367	50
1367	2707
1367	842
1367	739
1368	934
1368	1795
1369	2716
1369	2368
1370	1536
1370	3418
1370	2320
1370	2183
1371	1468
1371	3283
1371	173
1371	1905
1371	1664
1371	798
1372	1536
1372	3418
1372	2183
1373	3343
1373	699
1373	2961
1373	1873
1374	2961
1374	3343
1375	1873
1375	2961
1376	943
1376	1117
1376	622
1376	3233
1377	760
1377	2872
1378	745
1378	2872
1378	760
1379	1541
1379	1447
1379	1977
1379	3408
1379	1663
1379	3257
1379	3243
1379	66
1379	1738
1380	1465
1380	1850
1380	3031
1380	1881
1380	3201
1380	3014
1380	1597
1381	1597
1381	3201
1381	1881
1381	1850
1382	2764
1382	394
1383	18
1383	2121
1384	529
1384	2930
1384	2165
1384	2390
1384	3079
1384	2827
1384	860
1384	234
1384	2822
1385	1801
1385	2147
1386	2224
1386	2888
1387	3100
1387	2938
1387	2224
1388	1801
1388	1956
1388	2147
1389	156
1389	806
1390	70
1390	1238
1391	770
1391	2332
1391	3188
1392	905
1392	2505
1392	482
1392	3317
1392	3119
1392	141
1392	2750
1392	1006
1393	3420
1393	315
1393	1762
1393	248
1393	1790
1393	1779
1393	2542
1394	2695
1394	1081
1394	737
1394	1265
1394	143
1394	1898
1394	1792
1394	1836
1395	1265
1395	143
1396	641
1396	1083
1397	615
1397	528
1398	1435
1398	778
1399	1435
1399	528
1400	972
1400	3246
1400	1376
1401	1376
1401	3466
1401	3246
1401	972
1401	2044
1401	214
1401	434
1401	1132
1402	3007
1402	3354
1402	3353
1402	3351
1403	3354
1403	3352
1404	3007
1404	3354
1404	3352
1404	3351
1405	2713
1405	2297
1406	3492
1406	2299
1406	3116
1406	3491
1407	1904
1407	473
1408	1873
1408	420
1408	3012
1408	2414
1409	420
1409	3012
1410	1616
1410	1364
1410	1498
1411	492
1411	56
1411	2343
1411	1385
1412	492
1412	56
1412	1385
1413	1616
1413	1364
1413	1498
1413	2343
1414	2083
1414	2285
1415	2386
1415	3469
1416	669
1416	2386
1416	3469
1416	2597
1416	2348
1416	3205
1416	651
1417	2386
1417	2261
1418	651
1418	3205
1418	2348
1418	2597
1418	3469
1418	2261
1418	2386
1418	669
1419	2597
1419	3205
1420	669
1420	651
1421	302
1421	3212
1422	928
1422	938
1423	419
1423	323
1423	2329
1423	3164
1423	1154
1424	1154
1424	323
1425	3164
1425	419
1426	2919
1426	1151
1426	3061
1427	2377
1427	1448
1427	873
1427	388
1427	559
1428	1048
1428	388
1429	214
1429	1933
1429	1425
1430	1173
1430	296
1431	296
1431	1173
1431	1425
1431	1933
1431	214
1432	1933
1432	1425
1432	296
1433	2624
1433	26
1434	647
1434	2170
1434	1606
1434	26
1434	2624
1435	1411
1435	101
1435	182
1436	101
1436	1411
1437	1652
1437	2651
1437	554
1438	3407
1438	1345
1438	2365
1439	2784
1439	522
1440	1946
1440	2365
1440	1345
1440	522
1440	3407
1440	2862
1440	2784
1440	3017
1440	1904
1441	1904
1441	3017
1441	2784
1441	2862
1441	3407
1441	1345
1442	3081
1442	669
1442	2605
1443	948
1443	1603
1444	664
1444	3085
1444	1415
1444	1870
1444	1000
1445	1000
1445	1415
1445	3085
1445	664
1446	1733
1446	1809
1446	1141
1447	2735
1447	1149
1448	1382
1448	1091
1449	829
1449	190
1450	387
1450	1859
1450	1552
1450	805
1450	2331
1450	2313
1450	1972
1451	1552
1451	2313
1451	2235
1452	3299
1452	324
1453	2211
1453	1176
1453	3259
1453	1167
1454	2211
1454	1176
1454	1167
1455	2211
1455	1176
1456	564
1456	3259
1457	1706
1457	1123
1458	793
1458	726
1458	2476
1458	183
1458	3151
1458	610
1458	3462
1458	2493
1459	2476
1459	793
1460	902
1460	2016
1460	1635
1460	2282
1461	1635
1461	2016
1461	902
1462	1801
1462	445
1463	761
1463	12
1463	204
1463	445
1463	1801
1463	2545
1463	1987
1464	2545
1464	12
1464	761
1465	1987
1465	445
1465	204
1466	1488
1466	230
1467	3287
1467	1984
1467	1278
1468	838
1468	1389
1468	306
1468	1892
1469	1892
1469	1389
1470	2828
1470	420
1471	3333
1471	1762
1471	3310
1471	2613
1471	1804
1471	1576
1472	3333
1472	1762
1472	3310
1472	1804
1472	2167
1473	755
1473	2596
1474	3047
1474	1801
1475	2570
1475	1531
1476	2082
1476	2073
1477	2073
1477	970
1477	1470
1477	3148
1477	2082
1477	1531
1477	1161
1477	1801
1477	2570
1477	3047
1478	1810
1478	1662
1478	1894
1478	1620
1479	2812
1479	1620
1479	1894
1479	1662
1479	1810
1480	1662
1480	1894
1481	3004
1481	2766
1482	3004
1482	2766
1483	1530
1483	2611
1483	243
1483	844
1483	2772
1483	477
1483	2739
1484	2739
1484	2772
1484	243
1484	2611
1484	1530
1485	494
1485	3108
1486	1980
1486	1764
1487	1980
1487	515
1487	1719
1488	486
1488	1764
1488	3108
1489	1214
1489	499
1490	2962
1490	1752
1490	2831
1490	139
1490	2965
1490	2901
1491	2901
1491	499
1491	1214
1491	2965
1491	139
1491	2673
1491	2831
1491	1752
1491	2962
1492	504
1492	3190
1493	2700
1493	1063
1493	2712
1493	2547
1493	2918
1493	1872
1494	309
1494	1428
1495	1081
1495	1428
1496	2847
1496	2543
1497	698
1497	1762
1497	2433
1497	3245
1497	1615
1497	1873
1497	1135
1497	197
1498	566
1498	2501
1498	373
1498	33
1498	1472
1499	2049
1499	1164
1500	1801
1500	1428
1500	257
1501	2049
1501	1801
1501	1164
1501	257
1502	2352
1502	3435
1502	2117
1502	1205
1503	1205
1503	119
1503	2117
1503	3435
1503	2352
1504	57
1504	207
1505	2707
1505	2210
1506	2110
1506	1405
1506	1407
1507	1344
1507	2479
1508	1449
1508	2572
1509	1282
1509	764
1509	1156
1509	3269
1510	1492
1510	3089
1511	2551
1511	2556
1511	2431
1511	2202
1511	445
1512	2556
1512	445
1513	2431
1513	2202
1514	3330
1514	1313
1514	407
1514	3328
1514	2564
1515	1313
1515	3330
1516	628
1516	3208
1516	1795
1516	2636
1516	1157
1516	3010
1516	2785
1517	1795
1517	3208
1518	1649
1518	3031
1518	1361
1518	535
1519	2657
1519	303
1519	2709
1519	1054
1519	1976
1520	1976
1520	535
1520	1361
1520	1054
1520	2709
1520	303
1520	2657
1520	3031
1520	1649
1521	622
1521	1268
1521	1938
1521	893
1521	1337
1521	373
1521	2687
1521	2186
1521	810
1522	2186
1522	1268
1523	3154
1523	1131
1524	2922
1524	1247
1525	2584
1525	2127
1526	1326
1526	1041
1526	415
1527	1326
1527	1041
1528	2110
1528	1419
1528	1641
1529	347
1529	2661
1530	3348
1530	459
1531	3092
1531	2936
1531	648
1532	3092
1532	2113
1532	648
1533	743
1533	1265
1533	995
1533	638
1533	2149
1533	3180
1534	1265
1534	743
1535	1550
1535	1904
1535	1192
1535	803
1535	540
1535	1555
1536	2698
1536	2633
1537	1504
1537	2373
1538	3404
1538	2698
1538	2633
1539	3404
1539	2698
1539	2633
1539	420
1540	453
1540	1018
1541	944
1541	963
1542	3186
1542	2825
1542	397
1543	3318
1543	367
1544	2360
1544	3396
1545	2360
1545	3396
1545	3318
1546	367
1546	397
1546	3318
1546	3396
1546	2825
1546	2442
1546	3186
1546	2360
1547	2442
1547	3396
1547	3318
1547	367
1548	2825
1548	397
1549	243
1549	1878
1550	243
1550	1878
1551	1204
1551	719
1552	970
1552	301
1552	3220
1552	2056
1552	1970
1553	1146
1553	1684
1553	1970
1553	2056
1553	3220
1553	301
1553	970
1554	2817
1554	3427
1555	2941
1555	3241
1556	2026
1556	1815
1556	2114
1556	643
1557	2026
1557	1815
1557	643
1558	1329
1558	2147
1559	2693
1559	2954
1559	853
1559	2971
1559	2180
1560	3163
1560	1920
1560	3349
1560	932
1560	1063
1561	1717
1561	2663
1562	3095
1562	2415
1562	270
1563	270
1563	2415
1563	835
1563	903
1563	3162
1563	2663
1563	52
1563	1717
1563	3095
1564	2147
1564	807
1564	1980
1565	477
1565	565
1566	1923
1566	1622
1566	2073
1567	1923
1567	2073
1568	1288
1568	1039
1568	882
1568	2047
1568	249
1568	2797
1569	2797
1569	249
1569	2047
1569	882
1570	521
1570	2198
1570	3178
1571	2198
1571	3178
1571	1401
1572	2434
1572	346
1572	1404
1573	3306
1573	3286
1573	1403
1573	947
1573	2683
1573	2109
1573	1566
1573	1178
1573	2771
1574	1566
1574	2109
1574	2683
1574	947
1574	1403
1574	3306
1575	3221
1575	1524
1575	1798
1575	2022
1576	818
1576	295
1577	922
1577	1544
1578	2069
1578	813
1578	1158
1578	2780
1578	232
1578	733
1578	1343
1578	2876
1579	232
1579	1158
1580	733
1580	2069
1581	1428
1581	943
1581	690
1581	3263
1582	1693
1582	1416
1583	911
1583	3294
1584	524
1584	3294
1584	2610
1584	911
1585	2610
1585	524
1586	2679
1586	3110
1586	3031
1587	1197
1587	2168
1587	273
1588	2224
1588	1511
1589	619
1589	229
1590	178
1590	229
1590	258
1591	1978
1591	1826
1591	2553
1592	1802
1592	742
1593	742
1593	309
1594	1081
1594	742
1594	309
1595	579
1595	3336
1595	727
1596	1513
1596	2485
1596	2528
1596	864
1597	1260
1597	2528
1598	163
1598	263
1599	848
1599	432
1600	605
1600	2859
1600	2980
1600	937
1601	821
1601	2357
1602	605
1602	2980
1602	937
1603	762
1603	2391
1604	1464
1604	2448
1605	2448
1605	1464
1605	1294
1606	3073
1606	2268
1606	2920
1606	1084
1606	334
1606	2353
1606	633
1607	2014
1607	992
1607	575
1608	502
1608	2053
1609	193
1609	3433
1610	3367
1610	3105
1610	2988
1610	3223
1610	562
1610	2910
1611	2117
1611	1669
1611	3024
1612	1669
1612	2959
1612	200
1612	2098
1612	1051
1613	2959
1613	200
1614	2781
1614	2879
1615	2543
1615	2176
1616	1650
1616	379
1616	2611
1616	756
1616	2879
1616	2176
1616	2543
1616	2781
1616	2615
1616	105
1617	11
1617	227
1618	2593
1618	2400
1619	169
1619	1828
1620	1665
1620	3016
1620	1061
1621	2311
1621	3147
1622	3402
1622	3124
1623	3103
1623	420
1624	2298
1624	1169
1624	1592
1624	526
1624	420
1624	3096
1624	3124
1624	3103
1624	3402
1625	3096
1625	526
1625	1169
1625	2298
1626	12
1626	411
1626	2545
1626	2552
1626	3303
1626	1980
1626	132
1626	2544
1626	2561
1627	1150
1627	2454
1627	999
1627	1978
1627	1723
1627	2626
1627	2147
1628	2147
1628	1723
1628	1978
1628	1150
1629	2598
1629	2869
1629	1210
1630	1210
1630	2276
1630	2869
1630	130
1630	2132
1630	49
1630	2174
1630	2639
1630	2598
1631	1253
1631	1175
1631	3455
1631	2680
1631	2607
1632	3051
1632	1681
1632	159
1632	3077
1633	150
1633	2758
1633	2839
1633	1786
1633	532
1634	58
1634	532
1635	532
1635	3077
1635	159
1635	58
1635	1786
1635	2839
1635	2758
1635	1681
1635	3051
1635	150
1636	1959
1636	1086
1636	2236
1637	2312
1637	2597
1638	2913
1638	2597
1638	2312
1638	2257
1639	833
1639	1973
1639	2096
1639	2636
1639	2465
1639	2196
1639	3067
1639	236
1640	3428
1640	290
1641	1653
1641	830
1641	2078
1642	3114
1642	1660
1642	3288
1642	2466
1642	1002
1642	1890
1642	380
1643	955
1643	2529
1644	1804
1644	2681
1645	900
1645	474
1646	577
1646	1190
1646	42
1647	1887
1647	2628
1648	2628
1648	2070
1648	3264
1648	1887
1649	947
1649	773
1649	884
1649	178
1649	2157
1649	415
1649	1312
1649	2976
1649	481
1650	481
1650	2976
1650	1312
1650	178
1650	884
1651	2157
1651	773
1652	1631
1652	653
1653	110
1653	2694
1654	455
1654	2121
1655	2665
1655	44
1656	726
1656	3178
1656	691
1656	355
1657	726
1657	3178
1657	691
1657	1684
1657	355
1657	455
1658	1529
1658	1036
1658	172
1659	2646
1659	3297
1660	373
1660	1952
1660	1322
1661	373
1661	1520
1661	1952
1661	3165
1661	1322
1662	1128
1662	1775
1663	1128
1663	1113
1663	1775
1664	1098
1664	2155
1664	2966
1665	2050
1665	1010
1665	1876
1665	2843
1665	1651
1665	27
1665	808
1665	1358
1665	604
1666	808
1666	27
1667	604
1667	1358
1667	1651
1667	2843
1667	1876
1668	2131
1668	2202
1668	1516
1669	1629
1669	461
1669	2340
1669	2381
1669	726
1669	923
1670	3122
1670	1738
1670	66
1671	283
1671	3443
1671	3097
1671	66
1671	1738
1671	3122
1672	513
1672	2352
1673	62
1673	2127
1673	2352
1673	297
1673	3210
1673	513
1674	297
1674	62
1675	2611
1675	874
1676	2701
1676	1213
1677	3467
1677	74
1677	2488
1677	300
1677	1624
1677	2173
1677	2444
1677	3317
1678	2558
1678	3037
1678	1402
1678	2035
1678	2800
1678	2447
1678	3182
1678	1790
1678	3477
1679	3477
1679	1790
1679	3182
1679	2447
1679	2800
1679	2035
1679	1402
1679	3037
1679	2558
1679	1086
1680	467
1680	3136
1680	73
1680	84
1680	1915
1680	2181
1680	3194
1680	2458
1680	1853
1680	1804
1681	3001
1681	2039
1682	2776
1682	1264
1683	2776
1683	3001
1683	2804
1683	2073
1683	2039
1684	2073
1684	1264
1685	2776
1685	2804
1685	2073
1686	1112
1686	2361
1686	2428
1687	2944
1687	3377
1687	2618
1688	2838
1688	2830
1688	2618
1688	475
1689	475
1689	1311
1689	2618
1689	3377
1689	2830
1689	2944
1689	2838
1690	1539
1690	501
1690	2110
1691	3158
1691	1646
1691	958
1691	270
1691	2964
1691	1006
1691	373
1691	1455
1692	1980
1692	420
1692	32
1692	2142
1693	3446
1693	1799
1693	1616
1693	2611
1693	1224
1693	815
1694	815
1694	1224
1694	1616
1694	3446
1695	1119
1695	3301
1695	2634
1695	1213
1695	886
1695	1772
1695	1713
1695	2212
1695	1582
1696	1582
1696	1213
1696	2634
1696	1119
1697	1285
1697	3173
1697	3021
1697	488
1697	3019
1697	2729
1697	2292
1697	1927
1697	344
1698	1285
1698	3173
1698	3021
1698	488
1698	3019
1698	2729
1698	2292
1698	1927
1698	344
1699	2375
1699	1703
1700	1703
1700	2461
1700	2375
1701	133
1701	374
1702	374
1702	782
1702	2722
1702	1582
1702	133
1703	1582
1703	2722
1703	374
1704	869
1704	3222
1705	670
1705	2412
1706	3137
1706	1863
1707	1207
1707	2633
1707	3107
1708	2723
1708	2619
1708	587
1708	657
1709	2723
1709	2619
1709	587
1709	657
1710	1043
1710	2008
1710	2864
1711	1296
1711	2524
1712	1237
1712	2182
1712	2801
1712	3152
1713	1237
1713	2182
1713	3152
1714	1701
1714	3220
1715	1723
1715	236
1715	1210
1715	3314
1716	2678
1716	151
1716	2177
1716	463
1716	2450
1716	2219
1716	196
1716	1961
1716	2081
1717	196
1717	2219
1717	2678
1718	2392
1718	478
1719	2392
1719	2770
1719	478
1720	2938
1720	1785
1720	1840
1720	1028
1720	985
1721	1028
1721	1785
1722	201
1722	1080
1722	232
1722	2126
1723	1995
1723	1757
1724	1051
1724	1553
1725	326
1725	399
1725	1847
1725	1467
1726	309
1726	1911
1727	1369
1727	1215
1727	1353
1728	2080
1728	331
1729	538
1729	2080
1730	309
1730	1911
1730	331
1731	538
1731	1215
1731	1353
1731	2080
1732	2013
1732	3009
1732	1738
1732	36
1732	2600
1732	235
1732	963
1732	3239
1732	1087
1732	1241
1733	1738
1733	2013
1734	3239
1734	3009
1735	1087
1735	36
1736	1241
1736	235
1737	2760
1737	2603
1738	842
1738	943
1738	3120
1738	1060
1738	480
1739	842
1739	2970
1740	2389
1740	2778
1740	1060
1741	549
1741	1373
1741	1396
1741	2405
1741	1057
1741	1719
1742	570
1742	1742
1742	2042
1742	209
1742	1938
1742	962
1742	1762
1742	3409
1742	2286
1742	1582
1743	2042
1743	570
1744	970
1744	2172
1744	724
1744	3321
1745	3321
1745	724
1745	2172
1745	1230
1745	970
1746	729
1746	1633
1747	1633
1747	2343
1748	729
1748	2343
1749	800
1749	3480
