0	2817
0	3427
1	212
1	67
2	2546
2	2276
3	1074
3	1600
4	821
4	3296
5	2311
5	3147
6	186
6	121
7	3228
7	3180
8	1906
8	2835
9	144
9	1898
10	3076
10	322
11	2123
11	22
12	1296
12	2524
13	2760
13	2603
14	1179
14	2430
15	3277
15	1988
16	670
16	2412
17	3038
17	1408
18	3294
18	2073
19	2509
19	623
20	156
20	806
21	311
21	3315
22	1857
22	553
23	2633
23	1794
24	3137
24	1863
25	1861
25	1116
26	2856
26	2441
27	3337
27	2682
28	1212
28	897
29	65
29	1673
30	550
30	2374
31	722
31	1691
32	3154
32	1131
33	1883
33	2227
34	384
34	2208
35	1042
35	2185
36	3191
36	616
37	2828
37	1509
38	555
38	2645
39	2477
39	1813
40	2761
40	223
41	797
41	1856
42	560
42	751
43	2184
43	1837
44	854
44	3338
44	3339
44	3339
44	3338
45	1871
45	1199
45	2034
46	2288
46	3225
46	2547
47	3428
47	290
48	1464
48	2448
48	2448
48	1464
48	1294
49	2816
49	3177
50	1438
50	1495
50	329
50	1495
50	1438
51	758
51	257
51	732
52	2582
52	1285
53	2545
53	3111
53	1812
54	208
54	1251
55	1207
55	2633
55	3107
56	2594
56	745
56	2110
57	2857
57	1968
57	2149
57	1968
57	2857
58	655
58	1440
59	11
59	227
60	2285
60	858
60	726
61	1581
61	2640
62	988
62	3091
62	2914
62	3091
62	988
63	2798
63	1080
63	1201
63	1201
63	1080
64	2828
64	420
65	3072
65	3319
65	443
65	3072
65	3319
65	443
66	1568
66	282
66	2562
67	637
67	1016
68	3278
68	1315
68	2601
68	2601
68	1315
69	1706
69	1123
70	2745
70	3104
70	3104
70	93
70	2745
71	428
71	1980
71	3263
72	1777
72	991
72	2346
73	442
73	2081
73	442
73	2604
73	2081
73	2604
73	442
74	1903
74	2503
74	554
75	1336
75	1481
75	687
76	3187
76	1951
76	259
77	1790
77	1026
77	547
77	1790
77	1026
77	547
78	1363
78	1248
79	590
79	1553
79	1136
79	1136
79	590
80	1374
80	178
80	889
80	178
80	1374
81	1539
81	501
81	2110
82	2068
82	872
82	872
82	1800
82	2068
83	2131
83	2202
83	1516
84	1219
84	2747
84	2747
84	629
84	1219
85	1656
85	1716
85	2409
86	704
86	627
86	627
86	970
86	704
87	678
87	2819
87	809
87	2819
87	678
88	2083
88	2285
89	2656
89	2692
89	424
90	127
90	1746
90	127
90	324
91	1112
91	2361
91	2428
92	126
92	1220
92	2543
93	2375
93	1703
93	1703
93	2461
93	2375
94	3274
94	279
94	3274
94	1143
95	1204
95	2446
96	1766
96	489
96	477
96	489
96	1766
97	1233
97	2134
97	2134
97	1008
97	1233
98	760
98	2872
98	745
98	2872
98	760
99	2786
99	3253
99	2073
100	3487
100	2015
101	285
101	2275
102	302
102	3212
103	688
103	1848
103	1848
103	688
103	1822
104	1528
104	904
104	2503
105	3299
105	324
106	1411
106	101
106	182
106	101
106	1411
107	606
107	1903
107	2073
108	2523
108	1881
108	1654
109	2478
109	586
109	1300
109	1300
109	586
110	3059
110	3035
110	3035
110	1212
111	1959
111	1086
111	2236
112	728
112	2301
112	786
113	1661
113	1162
114	3255
114	741
115	1236
115	1355
116	3179
116	1239
116	3179
116	1083
116	1239
116	1083
117	993
117	2150
117	1375
118	2863
118	1185
119	2418
119	2057
119	3168
120	3081
120	669
120	2605
121	3331
121	1550
122	1302
122	1125
122	1125
122	1302
122	2314
122	2314
122	1302
123	2847
123	2543
124	2967
124	977
124	1420
124	977
124	2967
125	2489
125	2647
125	1862
126	1181
126	2091
126	768
126	768
126	1181
127	353
127	3340
127	3145
128	1494
128	2004
128	2049
128	2004
128	1494
129	1932
129	1014
129	3020
129	3020
129	1932
130	275
130	1662
130	1587
130	1587
130	1662
131	3252
131	37
131	1168
131	2840
132	2345
132	40
133	2191
133	2436
133	1037
133	2149
133	1037
133	2436
133	2191
134	521
134	2198
134	3178
134	2198
134	3178
134	1401
135	70
135	1238
136	1053
136	2073
136	3261
136	1221
137	3341
137	1985
137	2483
137	1481
137	2483
137	1985
137	3341
138	1365
138	1871
138	3276
138	1610
138	3276
138	1871
138	1365
139	125
139	2142
139	125
139	1543
140	2103
140	2289
140	1559
140	1559
140	2763
140	2289
140	2103
140	2289
140	2763
141	887
141	2366
141	2366
141	887
141	2108
141	457
142	615
142	528
142	1435
142	778
142	1435
142	528
143	326
143	399
143	1847
143	1467
144	950
144	3180
144	2611
145	2096
145	2627
146	1776
146	3270
146	2693
147	1186
147	1519
148	2312
148	2597
148	2913
148	2597
148	2312
148	2257
149	2540
149	1589
149	2138
149	1824
150	780
150	2147
150	2499
150	2499
150	2147
150	780
150	1394
151	2710
151	2339
151	360
151	1896
151	1896
151	2339
151	2710
152	2623
152	2115
153	2635
153	1047
153	1858
153	2635
153	1858
153	1858
153	1047
153	2635
153	820
154	3429
154	10
154	2018
154	2316
155	1783
155	420
155	128
155	1517
155	420
155	1783
156	2072
156	661
156	539
157	172
157	1788
157	1052
157	15
158	682
158	1099
158	2093
158	1976
159	3284
159	316
159	316
159	2122
160	3221
160	1524
160	1798
160	2022
161	1996
161	2687
161	40
161	326
161	2687
161	1996
161	326
161	40
161	2073
161	1659
161	648
161	1462
161	2200
161	2893
162	750
162	1986
162	2755
162	750
162	1201
162	1986
162	2755
163	3336
163	3430
163	3430
163	3336
163	3213
163	3094
164	1453
164	142
164	142
164	1830
165	911
165	3294
165	524
165	3294
165	2610
165	911
165	2610
165	524
166	902
166	2016
166	1635
166	2282
166	1635
166	2016
166	902
167	2633
167	9
167	2633
167	9
167	2127
167	2127
167	9
167	3342
167	2633
168	2543
168	394
169	3287
169	1984
169	1278
170	938
170	603
170	1880
170	2347
171	2735
171	1149
172	2258
172	3488
173	718
173	3129
173	1452
173	1452
173	3129
173	1950
173	718
174	1888
174	974
174	2048
174	3199
175	943
175	1117
175	622
175	3233
176	455
176	2147
177	1965
177	2251
177	1965
177	1334
177	2983
178	3431
178	1815
178	385
178	338
179	225
179	1760
180	287
180	2885
180	420
180	2500
181	2407
181	3217
181	506
181	2291
182	2146
182	639
182	1720
182	2146
182	639
183	1912
183	2124
183	3292
183	1912
183	3292
183	1912
183	2124
184	3343
184	699
184	2961
184	1873
184	2961
184	3343
184	1873
184	2961
185	650
185	1593
185	2834
185	3207
185	3207
185	2834
185	650
186	836
186	1881
186	1638
186	910
187	433
187	393
188	1045
188	868
188	605
189	2141
189	2923
189	2164
190	3025
190	612
190	2471
190	673
191	2110
191	2600
191	3336
192	1390
192	1085
192	1262
192	3344
193	2594
193	2671
194	469
194	2965
194	395
194	2166
194	469
194	2166
195	114
195	853
195	1077
196	3049
196	235
196	1737
196	460
196	3049
196	460
196	235
197	1121
197	861
197	2869
197	519
197	519
197	2869
197	1121
197	519
197	2869
198	2633
198	635
198	1250
198	1378
199	201
199	1080
199	232
199	2126
200	818
200	295
201	1297
201	1189
202	2100
202	3082
203	449
203	2073
203	1652
203	2422
203	2422
203	2073
203	449
204	1979
204	2277
204	3161
204	2842
205	3171
205	908
205	1174
205	1122
206	943
206	1298
207	1887
207	2628
207	2628
207	2070
207	3264
207	1887
208	1245
208	1801
209	2087
209	2563
209	1412
209	1145
209	1412
209	2563
209	2087
210	1080
210	1818
210	1769
210	168
211	2873
211	2049
211	816
211	2846
211	816
211	2049
212	1723
212	236
212	1210
212	3314
213	2392
213	478
213	2392
213	2770
213	478
214	2941
214	3241
215	934
215	1795
215	2716
215	2368
216	452
216	1553
216	1553
216	2829
217	2946
217	2423
218	838
218	1389
218	306
218	1892
218	1892
218	1389
219	1206
219	446
219	2614
219	1422
220	1804
220	3189
221	2204
221	1266
221	2895
221	2992
221	2992
221	2895
221	1266
222	922
222	1544
223	1960
223	168
224	2786
224	1971
224	1493
224	1913
224	1493
224	1971
225	1507
225	720
225	2754
225	1507
225	720
226	3176
226	2957
226	16
227	2753
227	3345
227	1889
227	918
228	1818
228	2677
228	2242
228	2125
228	2242
228	1818
229	660
229	2252
229	1910
229	2252
229	660
229	1064
230	1326
230	1041
230	415
230	1326
230	1041
231	138
231	3214
231	2622
231	38
232	336
232	3327
232	1677
232	2796
232	2796
232	3327
232	336
233	57
233	207
234	1452
234	24
234	2384
234	1922
234	1922
234	24
235	1357
235	2855
235	2855
235	1357
235	1432
235	2656
235	2656
235	1357
235	2855
236	2271
236	2642
237	1471
237	3432
237	3198
237	2394
237	2394
237	3432
238	1323
238	3258
238	3346
238	3346
238	3258
238	1323
238	2187
238	3258
238	3346
239	1881
239	576
239	3144
239	576
239	3060
239	1881
240	193
240	3433
241	1658
241	3336
241	1366
241	1658
241	3336
242	365
242	3434
242	2631
242	609
242	609
242	2631
242	365
243	396
243	1577
243	3237
243	109
244	1701
244	3220
245	1488
245	230
246	1843
246	3054
246	591
246	1843
246	1846
246	3054
246	591
247	2352
247	3435
247	2117
247	1205
247	1205
247	119
247	2117
247	3435
247	2352
248	3003
248	3156
248	967
248	624
248	624
248	967
248	3156
248	3066
248	3003
249	2102
249	1163
249	120
249	1858
249	2395
249	1858
249	120
250	1533
250	2464
250	1406
250	2464
251	2074
251	996
251	1389
251	3289
251	2887
251	3289
251	1389
251	996
252	671
252	1823
252	3489
253	3069
253	509
253	1749
253	1059
253	1258
253	1258
253	1059
253	1749
253	3069
254	361
254	3106
254	2237
254	2402
254	2577
255	431
255	1612
255	245
255	1276
255	1941
256	85
256	320
256	3347
257	347
257	2661
257	3348
257	459
258	329
258	646
258	329
258	3336
259	970
259	2172
259	724
259	3321
259	3321
259	724
259	2172
259	1230
259	970
260	1980
260	1639
260	956
260	1980
260	956
260	2611
260	956
260	1639
260	329
260	1980
261	214
261	1933
261	1425
261	1173
261	296
261	296
261	1173
261	1425
261	1933
261	214
261	1933
261	1425
261	296
262	3092
262	2936
262	648
262	3092
262	2113
262	648
263	3330
263	1313
263	407
263	3328
263	2564
263	1313
263	3330
264	2203
264	2740
264	2773
264	463
264	1395
265	729
265	1633
265	1633
265	2343
265	729
265	2343
265	800
265	3480
266	2900
266	753
266	1694
266	754
266	1873
267	419
267	323
267	2329
267	3164
267	1154
267	1154
267	323
267	3164
267	419
268	641
268	1083
269	2624
269	26
269	647
269	2170
269	1606
269	26
269	2624
270	2014
270	992
270	575
270	502
270	2053
271	2938
271	1785
271	1840
271	1028
271	985
271	1028
271	1785
272	3436
272	95
272	1088
272	2787
272	1209
273	1023
273	484
273	484
273	3251
273	1023
273	642
273	735
274	2378
274	1466
275	2860
275	3437
275	417
276	2767
276	1688
276	171
276	1984
276	1718
276	1718
276	1984
276	1688
276	2767
276	1984
276	2767
276	1718
276	1984
276	2767
276	1718
276	1688
277	1354
277	1844
277	842
277	3102
277	1354
277	1844
277	3102
277	1255
277	842
278	468
278	372
278	3333
278	468
279	841
279	1778
279	1570
279	1460
280	3284
280	1144
280	2641
280	589
280	2073
280	1144
280	3284
280	589
280	2641
281	964
281	1321
281	964
281	455
281	1321
282	2573
282	1940
282	1803
282	341
282	852
282	341
282	1803
282	1940
283	2430
283	951
284	2340
284	291
285	3015
285	2704
285	3015
285	3030
285	2704
285	3030
286	1995
286	1757
286	1051
286	1553
287	3163
287	1920
287	3349
287	932
287	1063
288	2922
288	1247
288	2584
288	2127
289	3175
289	352
290	2353
290	1496
290	2353
290	3058
290	1496
290	1456
290	1456
290	1496
290	3058
290	2353
290	2264
291	2303
291	342
291	614
291	621
291	380
291	621
291	342
292	3438
292	1342
292	2787
292	224
293	1898
293	2463
293	2939
293	1580
293	420
293	420
293	1580
294	133
294	374
294	374
294	782
294	2722
294	1582
294	133
294	1582
294	2722
294	374
295	832
295	3439
295	1767
295	832
295	1767
295	21
295	1881
296	1382
296	1091
296	829
296	190
297	2654
297	2225
297	3244
297	17
298	710
298	632
298	1284
298	1284
298	422
299	840
299	1312
299	2663
299	1069
299	191
300	421
300	1489
300	2789
300	580
300	599
300	2789
300	599
301	925
301	2440
301	2058
301	952
301	1027
301	952
301	2058
302	880
302	366
302	203
302	25
303	3127
303	2110
303	3440
303	3028
303	2073
303	2073
303	3028
304	869
304	3222
305	2593
305	2400
305	169
305	1828
306	2938
306	1534
306	2126
306	2783
306	2849
306	2849
306	2938
307	1653
307	830
307	2078
308	774
308	2880
308	1008
308	243
308	2317
309	413
309	982
309	2219
309	1980
309	1980
309	2219
309	982
309	2557
309	413
309	982
309	1980
310	2713
310	2297
311	1893
311	2727
311	1893
311	1644
312	2980
312	937
313	167
313	1740
313	3029
313	705
313	3149
313	3029
313	1740
313	167
314	2919
314	1151
314	3061
315	3323
315	1845
315	1020
315	2752
316	1810
316	1662
316	1894
316	1620
316	2812
316	1620
316	1894
316	1662
316	1810
316	1662
316	1894
317	3038
317	2536
317	87
317	2559
317	490
317	3038
317	2536
317	87
317	2559
317	490
318	2942
318	45
319	666
319	853
319	2958
319	843
319	2659
320	1350
320	463
320	1437
320	961
320	348
320	463
320	961
320	348
320	961
320	348
321	3004
321	2766
321	3004
321	2766
322	2820
322	2512
322	2996
322	2512
322	2820
322	2233
322	1102
322	1102
322	2996
323	3119
323	2003
323	1711
323	3040
323	1006
324	1222
324	2535
324	1222
324	149
325	3220
325	1877
325	1877
325	1567
326	2281
326	98
326	2475
326	634
326	98
326	2475
327	3045
327	1679
327	86
327	1522
327	86
327	1679
327	3224
327	3045
328	1243
328	2548
328	507
328	405
328	2532
329	664
329	3085
329	1415
329	1870
329	1000
329	1000
329	1415
329	3085
329	664
330	1316
330	1510
330	1503
330	2938
330	1510
330	2938
331	831
331	1199
331	1199
331	768
331	992
331	831
331	2152
331	2152
331	992
332	2196
332	2847
332	2647
332	231
333	2382
333	3022
334	1012
334	2398
334	1118
335	2749
335	1942
336	1273
336	930
336	59
336	1461
336	59
336	1461
337	2903
337	3324
338	1097
338	1535
338	1231
338	75
338	3441
339	1329
339	2147
340	1689
340	1481
340	1397
340	2358
340	1481
340	3167
341	3079
341	1753
341	2746
341	2484
341	692
342	3279
342	2567
342	2041
342	1427
342	333
343	2037
343	1690
344	217
344	372
344	2351
344	3150
344	2351
344	719
344	217
345	825
345	1424
346	518
346	2632
346	2271
346	3297
347	1977
347	451
347	1433
347	1663
347	370
347	370
347	1663
347	1977
348	3350
348	2338
348	1401
348	783
348	1401
348	2077
348	2338
348	3350
349	1765
349	2865
349	1926
349	1475
349	1015
349	1015
349	2865
350	1497
350	1936
350	2457
350	707
350	1685
351	28
351	3442
351	2019
351	378
352	1757
352	2088
353	926
353	1007
353	926
353	2090
354	1695
354	1954
354	2938
354	3140
354	537
355	2806
355	2987
355	3044
355	1867
355	1867
355	3044
355	2933
355	2987
355	2806
356	2723
356	2619
356	587
356	657
356	2723
356	2619
356	587
356	657
357	2693
357	2954
357	853
357	2971
357	2180
358	1820
358	2527
358	1242
358	2685
358	1716
358	1820
358	1242
358	2685
358	2527
358	1716
359	240
359	2406
359	1111
359	2855
360	3227
360	2011
361	3007
361	3354
361	3353
361	3351
361	3354
361	3352
361	3007
361	3354
361	3352
361	3351
362	1308
362	2893
362	1374
362	1068
362	178
363	2648
363	2266
363	2344
363	1109
363	1138
363	1109
363	2344
363	2266
363	2648
364	855
364	3355
364	293
364	3356
364	1736
365	70
365	3098
365	2589
365	827
365	2756
366	3481
366	1426
366	2956
366	2633
366	2144
366	183
367	364
367	1428
368	566
368	2501
368	373
368	33
368	1472
369	1984
369	2451
369	534
369	358
369	363
369	534
369	358
370	998
370	2343
370	2343
370	669
370	2343
370	669
370	3041
371	1076
371	3218
371	1083
371	313
371	2890
371	1939
371	2890
371	313
371	1083
372	1741
372	1333
372	1822
372	995
372	2143
372	1333
372	1741
372	1725
373	2073
373	102
373	1372
373	1248
373	1553
373	1248
373	1372
373	102
373	2073
373	2163
374	3122
374	1738
374	66
374	283
374	3443
374	3097
374	66
374	1738
374	3122
375	1279
375	3121
375	1481
375	676
376	549
376	1373
376	1396
376	2405
376	1057
376	1719
377	91
377	1683
377	713
377	498
377	2525
377	455
378	1431
378	3357
378	1414
378	1301
378	3108
378	1155
378	1301
378	1431
379	9
379	420
379	41
379	1794
379	1292
379	20
380	1763
380	122
380	1943
380	117
380	2969
380	117
380	152
380	2969
381	1324
381	2853
381	220
381	2853
382	1011
382	1907
382	898
382	2445
382	1730
382	1730
382	1140
382	2445
382	898
382	1907
382	1011
383	1288
383	1039
383	882
383	2047
383	249
383	2797
383	2797
383	249
383	2047
383	882
384	228
384	850
384	695
384	850
384	695
385	3444
385	3169
386	2841
386	505
386	3138
386	448
386	799
386	1676
386	1676
386	799
386	3138
386	2841
387	1561
387	2688
387	2208
387	1561
387	2688
387	2208
387	2823
387	3219
388	3445
388	1891
388	1188
388	2076
388	1188
388	2076
388	3215
388	2076
388	711
389	1529
389	1036
389	172
389	2646
389	3297
390	3238
390	1307
390	3119
390	1446
390	71
391	3001
391	2039
391	2776
391	1264
391	2776
391	3001
391	2804
391	2073
391	2039
391	2073
391	1264
391	2776
391	2804
391	2073
392	3233
392	901
392	975
392	2294
392	270
393	536
393	1682
393	2963
393	3108
393	1372
393	2023
394	743
394	1265
394	995
394	638
394	2149
394	3180
394	1265
394	743
395	770
395	2332
395	3188
396	1513
396	2485
396	2528
396	864
396	1260
396	2528
397	1339
397	3358
397	380
397	1317
397	274
397	3300
397	274
397	380
398	453
398	1018
399	700
399	107
399	925
399	335
400	2443
400	2507
400	2672
400	1038
400	2952
400	2507
400	2145
400	2443
401	513
401	2352
401	62
401	2127
401	2352
401	297
401	3210
401	513
401	297
401	62
402	606
402	1582
403	845
403	1454
404	2505
404	141
404	1351
404	2663
404	99
405	1991
405	2222
405	1458
405	147
405	1991
405	337
405	2222
405	1458
405	337
406	1652
406	2651
406	554
407	2274
407	126
407	1220
407	2543
407	500
407	2481
408	2896
408	2542
408	0
408	1430
408	3119
408	2949
409	807
409	5
409	2073
409	2367
409	465
409	2611
409	2611
409	465
409	2073
409	807
409	2367
409	5
410	2767
410	2521
410	2217
410	254
411	3124
411	3304
411	90
411	3172
411	620
411	304
411	3124
411	620
411	304
412	2075
412	582
412	652
412	667
412	2810
412	582
412	652
413	2782
413	518
413	2460
413	1135
413	2379
413	2127
414	1550
414	1904
414	1192
414	803
414	540
414	1555
415	2403
415	3226
415	399
416	1201
416	3126
416	1201
416	3050
416	2794
416	3126
417	2147
417	2188
417	2999
417	1811
417	1811
417	2188
417	1216
417	2147
417	2999
417	2250
418	955
418	2529
418	1804
418	2681
419	3359
419	2526
419	1645
419	3359
419	1183
419	1645
419	2526
419	1746
420	1079
420	2844
420	1079
420	2844
421	472
421	2609
421	617
421	246
421	472
421	2609
421	617
421	246
421	617
421	2609
421	679
421	1702
421	472
422	504
422	3190
423	1227
423	2043
423	877
423	2001
423	804
423	1436
423	1227
423	2043
423	2001
424	3446
424	1799
424	1616
424	2611
424	1224
424	815
424	815
424	1224
424	1616
424	3446
425	1784
425	784
425	842
426	1793
426	976
426	3192
426	2071
426	1900
426	2071
426	2948
426	1900
426	1793
426	976
427	244
427	3360
427	380
427	2520
427	1877
427	1877
427	380
427	2520
427	3360
427	265
427	244
428	865
428	681
428	572
428	2821
428	1512
428	2306
428	2306
428	1512
429	1575
429	1685
429	294
429	2575
429	294
429	2575
429	2757
429	1092
430	1103
430	2110
430	379
430	702
430	2495
430	1634
431	2211
431	1176
431	3259
431	1167
431	2211
431	1176
431	1167
431	2211
431	1176
431	564
431	3259
432	2633
432	1107
432	1625
432	2712
432	2381
432	1107
432	219
433	1380
433	3196
433	2676
434	1565
434	205
435	1761
435	51
435	1486
436	3066
436	2868
436	3361
436	2543
436	3032
437	2922
437	1999
437	1055
437	2411
437	2922
437	1999
437	2517
437	1055
438	1607
438	3362
438	354
438	234
438	1947
438	234
439	1237
439	2182
439	2801
439	3152
439	1237
439	2182
439	3152
440	687
440	530
440	2467
441	605
441	2859
441	2980
441	937
441	821
441	2357
441	605
441	2980
441	937
442	1348
442	1957
442	1759
442	1348
442	1957
442	1957
442	1348
442	1787
442	2711
442	998
442	1759
443	2661
443	2307
443	1884
443	1642
443	1884
443	525
444	987
444	585
444	3202
444	438
445	3260
445	178
445	1801
445	1101
445	730
445	2397
445	2397
445	1801
445	178
446	2633
446	179
446	1924
446	558
446	2837
446	933
446	1924
446	558
446	2837
447	1956
447	1773
447	2281
447	2777
447	455
447	1773
447	455
448	875
448	3363
448	3364
448	3068
449	155
449	2452
449	1305
449	907
449	160
449	2899
449	1305
449	2899
449	160
449	907
449	2452
449	155
449	907
449	2899
450	605
450	2534
450	1594
450	2534
451	3043
451	696
452	3185
452	2579
453	1090
453	2692
453	2807
453	763
453	2103
453	2807
453	2103
453	1479
453	2692
453	763
453	1090
454	2996
454	2657
454	2110
454	1173
455	1950
455	1095
455	392
455	1095
455	1950
455	2304
455	3207
455	2256
456	2574
456	1605
456	3365
456	775
456	250
456	879
456	879
456	775
456	1605
457	2478
457	669
457	2439
457	2333
457	2396
457	3099
458	3335
458	3195
458	2192
458	929
458	1655
458	789
458	3335
458	3195
458	2192
458	929
458	1655
458	789
459	221
459	3482
460	2111
460	528
461	482
461	3158
461	2965
461	2024
461	943
461	879
461	879
461	943
462	1990
462	158
463	1074
463	1455
463	1008
463	3028
463	1100
463	1008
463	1455
463	1074
463	3028
463	1008
463	2663
463	1100
464	811
464	2892
464	2586
464	3273
464	1515
464	2892
464	724
464	811
464	3273
464	2586
465	319
465	102
465	2780
465	19
465	2780
465	19
465	36
466	2130
466	386
466	2336
466	2110
466	2715
466	2130
466	2110
467	3447
467	310
467	129
467	176
468	1441
468	1022
468	316
468	1503
469	2762
469	973
469	744
469	3101
469	2762
469	973
469	744
470	2652
470	1383
470	2285
470	3308
470	669
470	3200
471	1483
471	1381
471	1748
471	236
472	3141
472	3236
473	786
473	1981
474	1062
474	1668
474	29
474	2359
475	68
475	2303
475	654
475	269
475	3206
475	97
476	2707
476	2210
476	2110
476	1405
476	1407
477	2700
477	1063
477	2712
477	2547
477	2918
477	1872
478	871
478	2502
478	1506
478	2997
478	3448
478	2454
478	2454
478	2997
478	1506
478	2502
478	871
479	1257
479	1027
479	1293
479	1783
480	3155
480	3366
480	2522
480	3128
480	3366
481	2059
481	551
481	2059
481	551
481	2977
481	1374
481	2973
482	3367
482	3105
482	2988
482	3223
482	562
482	2910
483	2935
483	1523
483	416
483	256
483	3160
483	423
484	1195
484	3123
484	2120
484	2156
484	3267
484	2421
485	1330
485	2924
485	2599
485	2197
485	2897
485	2229
486	1831
486	23
486	2569
486	1500
486	1831
486	2569
486	1500
486	1356
486	3316
487	1710
487	1319
487	1467
487	277
487	1467
487	2995
487	1319
487	1710
487	1413
487	3079
488	2595
488	3368
488	771
488	548
488	1299
488	1874
488	2602
489	755
489	938
489	998
489	178
489	1917
489	178
489	998
489	914
489	938
489	755
489	2510
489	998
489	1917
490	970
490	301
490	3220
490	2056
490	1970
490	1146
490	1684
490	1970
490	2056
490	3220
490	301
490	970
491	1428
491	943
491	690
491	3263
491	1693
491	1416
492	1314
492	48
492	470
492	339
492	1314
492	48
492	470
492	339
493	3312
493	2503
493	2410
493	2625
493	3369
493	3000
493	557
494	3102
494	889
494	6
494	420
495	1851
495	2327
495	1851
495	2915
495	1254
495	1647
495	2327
495	2852
495	1851
495	2327
496	2434
496	346
496	1404
497	1937
497	2616
497	298
497	1508
497	1849
497	2580
497	318
497	2580
497	1849
498	1616
498	1364
498	1498
498	492
498	56
498	2343
498	1385
498	492
498	56
498	1385
498	1616
498	1364
498	1498
498	2343
499	2714
499	3203
499	278
499	768
499	1289
499	2283
499	831
499	278
499	3203
499	2283
499	1289
500	3450
500	3449
500	1989
500	178
500	1774
500	2046
500	3247
500	1989
500	1774
500	3247
500	178
500	2046
500	3449
500	3450
501	2851
501	180
502	1292
502	2371
502	863
502	2633
502	420
502	1250
502	2103
503	2214
503	3275
503	2369
503	3229
503	1866
503	686
503	935
504	977
504	1808
504	1263
504	3293
504	1953
504	3451
504	2674
504	2674
504	3451
504	1263
505	2290
505	1393
505	1058
505	2290
505	1393
505	284
506	242
506	2706
506	2343
506	340
506	792
506	3064
506	242
506	2706
506	2343
506	3064
507	2496
507	1166
507	231
507	3370
507	829
507	2496
507	1166
507	231
507	3370
507	829
508	456
508	2049
508	3336
508	427
508	1542
508	821
508	873
509	3304
509	1463
509	2979
510	1761
510	609
511	942
511	1445
512	437
512	3302
512	1065
512	1919
512	1697
512	1563
512	3118
512	3118
512	1563
512	1919
512	3302
512	437
513	1557
513	1455
513	3326
513	3090
513	3086
513	2459
513	1557
513	1455
513	3326
513	3090
513	2459
513	600
513	3086
513	1557
513	1455
513	3326
513	3086
514	2793
514	485
514	2810
515	2720
515	3452
515	1881
515	3453
515	3329
515	3452
515	43
515	3329
515	2720
515	3453
515	1881
515	1485
516	3084
516	1400
516	3083
516	3084
516	2545
516	1400
516	3083
516	2792
517	2205
517	2161
517	1341
517	2696
517	2232
518	856
518	2950
518	3265
518	3454
519	779
519	3142
519	943
519	588
519	717
519	3027
519	779
519	3142
519	943
519	588
519	3027
520	2205
520	1306
520	3300
520	2260
520	2504
520	1732
520	1732
520	2719
520	2504
520	2260
520	3300
520	1306
520	2205
521	2690
521	2263
521	3242
521	2194
521	2666
521	2690
521	3242
521	1196
521	2666
522	2883
522	420
522	178
522	178
522	1199
522	266
522	247
522	1553
523	63
523	2611
523	243
523	2611
523	1455
523	2611
523	2943
523	63
523	2010
523	846
523	243
524	928
524	938
525	3307
525	1139
525	1226
525	1139
525	188
525	3307
525	2945
525	3143
526	2117
526	1669
526	3024
526	1669
526	2959
526	200
526	2098
526	1051
526	2959
526	200
527	960
527	2140
527	1246
527	1469
527	3321
527	1701
527	2703
527	2703
527	3321
527	1246
527	960
528	1491
528	493
528	494
528	1505
528	3270
528	3270
528	1505
528	494
528	493
528	1491
528	2991
528	3148
529	1043
529	2008
529	2864
530	2179
530	2323
531	2221
531	1714
532	1745
532	497
532	945
532	2533
532	329
533	628
533	3208
533	1795
533	2636
533	1157
533	3010
533	2785
533	1795
533	3208
534	2399
534	1752
534	2349
534	1983
534	609
534	2416
534	2422
535	429
535	1945
535	726
535	3036
536	102
536	3294
536	102
536	1726
536	1571
536	817
536	1571
536	102
537	1203
537	1499
537	2787
537	50
537	350
537	3117
537	3008
538	1158
538	369
538	938
538	1621
538	510
538	2620
538	2875
538	1621
538	1158
538	938
538	369
539	181
539	1464
539	2611
539	2189
539	1019
539	307
539	1653
539	307
539	2189
539	1464
539	181
539	1653
539	1019
540	766
540	1032
540	2051
540	2986
540	1864
541	2026
541	1815
541	2114
541	643
541	2026
541	1815
541	643
542	3332
542	2238
542	884
542	3048
542	1881
542	3332
542	2238
542	3048
542	1881
542	884
542	487
542	420
543	425
543	1958
544	1904
544	473
544	1873
544	420
544	3012
544	2414
544	420
544	3012
545	1253
545	1175
545	3455
545	2680
545	2607
546	2611
546	874
546	2701
546	1213
547	1450
547	965
547	949
547	669
547	1133
547	2073
547	1110
547	949
547	1450
547	2073
547	965
548	3371
548	2832
548	1628
548	1904
548	1094
548	2705
548	3371
548	1628
548	1094
548	2705
549	2021
549	2769
549	3372
549	966
549	3034
549	1280
549	2978
549	2978
549	966
549	3372
549	2769
549	2021
550	401
550	3065
550	2736
550	1858
550	2877
550	1858
551	47
551	88
551	2731
551	3456
551	2993
551	790
551	88
552	1966
552	1948
552	1451
552	77
552	195
552	77
552	1966
552	1948
553	1465
553	1850
553	3031
553	1881
553	3201
553	3014
553	1597
553	1597
553	3201
553	1881
553	1850
554	1367
554	2858
554	1558
554	787
554	1367
554	2858
554	1304
554	1490
555	1980
555	420
555	32
555	2142
556	3125
556	1623
556	3203
557	3490
557	2006
558	494
558	3108
558	1980
558	1764
558	1980
558	515
558	1719
558	486
558	1764
558	3108
559	2049
559	1164
559	1801
559	1428
559	257
559	2049
559	1801
559	1164
559	257
560	1270
560	2726
560	2965
560	131
560	3231
560	140
561	1463
561	1562
562	1819
562	2768
562	466
562	2401
562	1547
562	1160
562	317
562	2401
562	2768
563	2038
563	767
563	2287
563	3457
563	3253
563	2287
563	3253
564	2736
564	2045
564	1895
564	1417
564	1754
564	748
564	182
564	1754
564	1417
565	971
565	2981
565	257
565	1186
565	2767
565	1964
565	2981
565	1186
565	2354
565	257
565	2767
566	516
566	995
566	2721
566	238
566	2417
566	1632
566	740
566	740
566	1632
566	2721
566	516
567	541
567	449
567	1008
567	2243
567	2304
567	888
567	2670
567	2304
567	1008
567	2670
567	2243
568	2830
568	3183
568	1709
568	331
568	83
568	1502
568	2667
568	1502
568	83
568	331
568	1709
568	3183
568	2830
568	2830
568	331
569	1274
569	1748
569	2954
569	583
569	455
569	408
570	2571
570	2065
570	2717
570	2199
570	2571
570	2065
570	2717
570	3055
570	2199
571	1397
571	2779
571	1869
571	2630
571	1715
572	1657
572	2342
572	459
572	1602
572	1442
572	738
572	1442
572	3322
573	1572
573	2029
573	2940
573	807
574	593
574	2541
574	1483
574	1976
574	1976
574	2153
575	2067
575	3113
575	745
575	202
575	2449
575	2158
575	1591
576	1963
576	2543
576	2870
576	2269
576	2494
576	1963
576	2280
576	2543
576	2269
576	2718
576	2870
576	2494
577	2025
577	1325
577	796
577	79
577	569
577	837
577	1272
578	622
578	1527
578	2104
578	1153
578	1101
578	72
578	2803
578	72
578	1153
578	2104
578	1527
578	2803
578	72
578	1101
578	1153
578	622
579	1801
579	445
579	761
579	12
579	204
579	445
579	1801
579	2545
579	1987
579	2545
579	12
579	761
579	1987
579	445
579	204
580	462
580	1734
580	236
580	1518
580	1360
581	3073
581	2268
581	2920
581	1084
581	334
581	2353
581	633
582	2566
582	3373
582	665
582	2894
582	3374
582	1410
582	3375
582	2566
582	3373
582	665
582	2894
582	3374
582	1410
582	3375
583	947
583	1487
583	1727
583	2811
584	697
584	826
584	1096
584	1839
584	3376
584	1065
584	697
585	1256
585	400
585	1187
585	398
585	2889
585	1256
585	400
585	398
585	2889
586	2944
586	3377
586	2618
586	2838
586	2830
586	2618
586	475
586	475
586	1311
586	2618
586	3377
586	2830
586	2944
586	2838
587	1081
587	1428
588	1150
588	2454
588	999
588	1978
588	1723
588	2626
588	2147
588	2147
588	1723
588	1978
588	1150
589	1411
589	1545
589	320
589	3458
589	1411
589	1545
589	1411
589	1545
589	1357
590	1530
590	2611
590	243
590	844
590	2772
590	477
590	2739
590	2739
590	2772
590	243
590	2611
590	1530
591	126
591	1699
591	2147
592	2284
592	2697
592	1647
592	93
592	1647
592	93
592	2284
593	198
593	997
593	1885
593	1332
593	198
593	1187
593	1993
593	2270
594	70
594	2273
595	1978
595	1826
595	2553
595	1802
595	742
596	2545
596	2555
596	1206
596	881
596	12
596	1499
596	1599
597	2309
597	896
597	1267
597	1269
598	1733
598	1809
598	1141
599	3135
599	2740
599	1772
600	3380
600	1636
600	3379
600	3378
600	659
600	934
600	3380
600	1636
600	3379
600	3378
601	2076
601	1881
601	3256
601	3298
601	1961
601	1881
601	280
601	3298
601	1961
601	1961
601	3298
601	280
601	3256
601	1881
601	2076
601	1025
602	2521
602	1609
602	2110
602	2201
603	2118
603	2343
603	1285
603	708
604	351
604	289
604	2987
604	2737
604	862
604	2501
604	2178
605	1184
605	1827
605	1852
605	1075
605	545
605	436
605	717
606	3459
606	3053
606	3459
606	1735
606	876
606	3053
606	2643
606	1735
606	2206
606	222
606	1735
606	2206
606	222
607	53
607	508
607	1290
607	53
607	1666
608	3114
608	1660
608	3288
608	2466
608	1002
608	1890
608	380
609	3295
609	236
609	2903
609	3026
609	1680
609	308
609	1297
610	3492
610	2299
610	3116
610	3491
611	1841
611	1563
611	2215
611	3157
611	1180
611	1841
611	1739
611	946
612	1138
612	3383
612	994
612	3382
612	3381
612	675
612	994
612	3382
612	675
613	2905
613	2422
614	2110
614	1419
614	1641
615	3311
615	261
616	3385
616	3384
616	3385
616	260
616	2788
616	3384
617	1051
617	1193
617	2662
617	2640
618	299
618	782
618	1418
618	2809
618	3460
618	2765
618	2576
619	1583
619	1170
619	1083
619	2013
619	1261
619	2352
619	1083
619	104
619	1583
619	1170
619	2013
619	1381
619	1261
620	55
620	920
620	2324
620	1744
620	1637
620	2319
620	1962
620	55
620	920
620	2324
620	1744
620	1637
620	1962
621	471
621	1329
621	3070
621	1724
621	1310
621	2064
621	1329
621	1835
621	3071
622	1236
622	1503
622	812
622	329
622	1503
622	267
622	3386
622	1236
622	3035
622	812
622	329
622	2583
623	2343
623	1439
623	1463
624	373
624	1952
624	1322
624	373
624	1520
624	1952
624	3165
624	1322
625	806
625	2420
625	1220
625	2213
626	1875
626	1077
626	455
626	455
626	1077
626	1875
626	543
626	1428
626	11
626	3290
626	668
627	596
627	625
627	919
627	2226
628	995
628	865
628	406
628	725
628	1090
628	1388
628	1771
628	389
628	725
628	865
629	3461
629	2908
629	2487
629	1108
629	2487
629	1235
629	941
629	2908
629	3461
629	3262
629	3153
630	164
630	1622
630	2216
630	512
630	584
631	1782
631	1147
631	746
631	866
631	1821
631	663
631	1562
631	1796
631	1562
631	746
632	959
632	2513
633	1613
633	1040
633	2882
633	3493
634	3268
634	211
634	211
634	2751
634	938
634	795
634	2332
634	96
634	3268
634	2989
634	1929
634	714
634	1066
634	1929
634	1066
635	3119
635	1455
635	2286
635	3078
635	2505
635	2427
635	1148
635	1755
635	1755
635	1148
635	2427
635	2505
635	2286
635	3119
636	2767
636	2139
636	819
636	1756
636	1671
636	1598
636	2543
636	1463
636	1463
636	1671
636	2543
636	1756
636	1598
636	819
636	2139
636	2767
637	1480
637	2244
637	1936
637	717
637	1455
637	1130
637	772
637	2069
637	813
637	1158
637	2780
637	232
637	733
637	1343
637	2876
637	232
637	1158
637	733
637	2069
638	2020
638	531
638	1474
638	1250
638	1287
638	648
638	2293
638	1223
638	2293
638	531
638	1287
638	1474
639	2377
639	1448
639	873
639	388
639	559
639	1048
639	388
640	3388
640	12
640	3387
640	2545
640	3388
640	3387
641	1912
641	943
641	2230
641	717
641	2775
641	7
641	2982
641	2708
641	2708
641	943
641	1912
641	717
641	2230
641	2982
641	2775
641	717
641	943
641	1912
642	700
642	1346
642	1789
642	1017
642	1346
642	1789
642	1017
643	8
643	2597
643	2832
643	8
643	14
643	2597
644	1370
644	3389
644	414
644	828
644	1457
644	2519
644	828
644	371
644	2519
644	3389
644	414
644	1370
644	912
644	1457
645	2968
645	3178
645	2724
645	716
645	409
645	1099
645	2968
645	3178
645	1099
645	2724
645	716
646	3158
646	1646
646	958
646	270
646	2964
646	1006
646	373
646	1455
647	192
647	1925
647	544
647	867
647	185
647	192
647	1925
647	544
647	867
647	1271
647	185
647	867
647	1271
647	185
647	192
647	1925
648	1482
648	2267
648	3285
648	1171
648	1429
648	13
648	1800
648	3285
648	1800
649	592
649	2791
649	1365
649	50
649	270
649	3216
649	3233
649	891
650	64
650	3063
650	1248
650	2209
650	3237
650	80
650	970
650	3166
650	3166
650	80
650	3237
650	970
650	2209
650	1248
650	3063
650	64
651	2661
651	1924
651	1
651	3174
651	2147
651	2340
651	236
651	853
652	765
652	636
652	3046
652	2055
652	1071
652	1071
652	1804
652	1137
652	1804
652	1071
652	2055
652	3046
652	636
652	765
652	1848
653	1510
653	1105
653	1024
653	978
654	626
654	3033
654	626
654	194
655	523
655	1050
655	3390
655	2247
655	2262
655	1886
655	2951
655	3204
655	2951
655	1886
655	2262
655	2247
655	3390
655	1050
655	523
656	3006
656	2606
656	817
656	1868
656	2606
656	1503
656	2086
656	3006
656	2079
656	1240
657	793
657	726
657	2476
657	183
657	3151
657	610
657	3462
657	2493
657	2476
657	793
658	2836
658	368
658	127
658	2393
658	368
658	1849
658	127
658	3336
658	2836
659	980
659	233
659	1331
659	1187
659	253
659	417
660	1444
660	447
660	1619
660	1538
660	94
660	3011
660	2054
660	2518
660	2054
660	3011
660	1619
660	447
660	2518
660	2054
660	94
660	1538
660	1444
661	723
661	2654
661	251
661	1983
661	847
661	276
661	2429
661	2654
661	251
661	1983
661	276
662	394
662	2027
662	1364
662	981
662	2363
662	3463
662	1455
662	1499
662	1499
662	1455
662	3463
662	1364
662	2027
662	394
663	455
663	1399
663	2492
663	1701
663	376
663	814
663	970
663	3220
663	3220
663	970
663	814
663	376
663	2492
663	1399
663	455
664	115
664	1560
665	3464
665	2689
665	757
665	757
665	2660
665	2689
665	216
665	3209
665	3464
665	1707
665	749
666	2937
666	1371
666	3139
666	2620
666	1303
666	2514
666	2239
666	1049
666	2239
666	1303
666	1049
666	3139
667	742
667	309
667	1081
667	742
667	309
667	579
667	3336
667	727
668	2891
668	2612
668	1909
668	824
668	148
668	3465
669	2289
669	2633
669	2103
669	420
669	2597
669	953
669	1281
669	1548
670	223
670	892
670	1931
670	949
670	61
670	375
670	2325
670	969
670	2325
670	375
670	892
671	1514
671	648
671	2611
671	37
671	2334
671	1514
671	648
671	648
671	1514
671	420
671	2334
671	2808
671	1167
671	37
671	2611
672	2278
672	1309
672	3178
672	49
672	2419
672	602
672	776
672	483
672	602
672	483
673	939
673	943
673	2748
673	2133
673	2106
673	184
673	2455
673	1743
673	1743
673	184
673	2133
673	2748
673	943
673	939
674	972
674	3246
674	1376
674	1376
674	3466
674	3246
674	972
674	2044
674	214
674	434
674	1132
675	1686
675	1762
675	252
675	1944
675	649
675	177
675	1499
675	1159
675	1686
675	1762
675	252
675	1944
675	649
675	177
675	1499
675	1159
676	123
676	3392
676	2818
676	1105
676	2348
676	2498
676	1362
676	1362
676	3391
676	2498
676	2348
676	1105
676	2818
676	3392
676	123
677	833
677	1973
677	2096
677	2636
677	2465
677	2196
677	3067
677	236
678	174
678	257
679	2998
679	1967
679	1283
679	791
679	3023
679	1481
679	1323
679	1144
680	301
680	2862
680	1829
680	1904
680	2491
680	2862
681	243
681	613
681	3320
681	3320
681	613
681	257
681	889
681	2581
681	1484
681	2241
681	243
682	3052
682	1640
682	1578
682	2597
682	1630
682	2248
682	1640
682	2597
682	3057
682	3052
682	1578
682	3271
683	859
683	1723
683	180
683	116
684	257
684	420
684	2957
684	3282
685	3467
685	74
685	2488
685	300
685	1624
685	2173
685	2444
685	3317
686	2916
686	2330
686	430
686	1399
686	362
686	1521
686	1001
686	2898
687	3394
687	3393
687	2613
687	393
687	2073
687	674
688	1449
688	2572
688	1282
688	764
688	1156
688	3269
689	3230
689	2815
689	3468
689	2585
689	1601
689	611
689	2354
689	1377
690	1834
690	2408
691	1473
691	2725
691	2385
691	2802
691	2759
691	1965
691	2251
691	1055
692	2767
692	1455
692	2005
692	2154
692	3197
692	2767
692	1455
692	2154
692	2767
692	2868
692	3197
692	1358
692	3079
692	2005
693	284
693	2743
694	1492
694	3089
694	2551
694	2556
694	2431
694	2202
694	445
694	2556
694	445
694	2431
694	2202
695	458
695	60
695	601
695	1553
695	2129
696	3193
696	523
696	2110
696	2323
696	523
696	3250
696	3395
696	1074
696	1074
696	3395
696	2110
696	523
696	3193
696	2323
696	3250
696	717
697	2545
697	3303
698	3056
698	1409
698	2726
698	1106
698	3080
698	1089
698	2663
698	3056
698	1409
698	2726
698	3080
698	1089
698	2663
699	3186
699	2825
699	397
699	3318
699	367
699	2360
699	3396
699	2360
699	3396
699	3318
699	367
699	397
699	3318
699	3396
699	2825
699	2442
699	3186
699	2360
699	2442
699	3396
699	3318
699	367
699	2825
699	397
700	905
700	2505
700	482
700	3317
700	3119
700	141
700	2750
700	1006
701	2764
701	394
701	18
701	2121
702	2117
702	384
702	2931
703	309
703	1428
704	1704
704	345
705	1982
705	2675
705	172
705	3291
705	1982
705	172
705	1247
705	2675
705	3291
705	172
705	2874
705	3075
706	2386
706	3469
706	669
706	2386
706	3469
706	2597
706	2348
706	3205
706	651
706	2386
706	2261
706	651
706	3205
706	2348
706	2597
706	3469
706	2261
706	2386
706	669
706	2597
706	3205
706	669
706	651
707	895
707	3266
707	2480
708	1478
708	1604
708	2302
708	314
709	595
709	1259
709	3018
709	2116
709	3036
709	49
709	1614
709	3039
709	1421
710	1434
710	2866
710	390
710	1816
710	1142
710	2169
710	3170
710	520
710	916
710	916
710	520
710	2169
710	2866
710	1434
711	1127
711	1225
711	2637
711	756
712	373
712	1742
712	984
712	1806
712	1873
712	3397
712	1731
712	3398
712	2912
712	2912
712	3398
712	1873
712	1806
712	1742
712	373
712	1731
712	3397
712	984
713	1750
713	380
713	3062
713	2664
714	1128
714	1775
714	1128
714	1113
714	1775
714	1098
714	2155
714	2966
715	2640
715	1005
715	3211
715	1289
715	2539
715	2304
715	1975
715	680
715	782
715	680
715	2539
715	3211
716	2791
716	1211
716	2861
716	1865
716	683
717	2578
717	739
717	842
717	1347
717	2707
717	50
717	2296
717	2061
717	1455
717	1455
717	2061
717	2296
717	50
717	2707
717	842
717	739
718	2871
718	30
718	1525
718	175
718	2871
718	3400
718	30
718	3399
719	1708
719	839
719	329
719	3401
719	2260
719	3334
719	1901
719	450
719	356
719	356
719	450
719	1901
719	3334
719	2260
719	3401
719	839
719	1708
720	455
720	420
720	9
720	3494
720	2289
721	2521
721	658
721	1217
721	940
722	622
722	1268
722	1938
722	893
722	1337
722	373
722	2687
722	2186
722	810
722	2186
722	1268
723	2343
723	561
723	1873
723	2234
723	1762
723	717
723	3193
723	2036
724	1344
724	2479
725	3203
725	2886
725	191
725	1916
725	3089
725	439
725	915
725	239
725	2497
725	2497
725	239
725	439
725	3203
726	3133
726	1618
726	2587
726	2366
726	1704
726	330
726	2881
726	2587
726	2881
726	1704
726	1338
726	2366
726	1618
726	330
726	3133
726	2742
727	35
727	3112
727	154
727	154
727	3112
727	35
727	2383
727	1386
727	3181
727	1067
727	2089
727	3235
728	698
728	1762
728	2433
728	3245
728	1615
728	1873
728	1135
728	197
729	742
729	1498
730	2119
730	2521
730	998
730	995
730	2380
730	787
730	3115
731	100
731	2033
731	134
731	1177
731	1687
731	157
731	1337
731	46
731	1825
731	1687
731	1177
731	134
732	2343
732	998
732	3220
732	970
732	2568
732	210
732	5
733	2678
733	151
733	2177
733	463
733	2450
733	2219
733	196
733	1961
733	2081
733	196
733	2219
733	2678
734	1182
734	1678
734	1173
734	598
734	1728
734	268
734	1114
734	1721
734	3042
734	3042
734	1114
734	268
734	1173
734	1678
734	598
734	1182
735	1187
735	2440
735	2137
735	12
735	2073
735	1498
735	2027
735	1616
736	2474
736	3159
736	255
736	3305
736	1758
736	3305
736	1984
736	1935
736	574
736	1758
737	948
737	1603
738	2388
738	2171
738	1770
738	2658
738	533
738	3134
738	78
738	2171
738	1770
738	1181
738	2658
739	2315
739	794
739	2845
739	1626
739	1235
739	2975
739	3272
739	705
739	380
739	2845
739	794
739	380
739	705
739	3272
739	2975
739	1235
739	1626
739	794
740	1477
740	1352
740	1270
740	312
740	2814
740	682
740	1984
740	1477
740	1352
740	1270
740	2795
741	1579
741	1924
741	54
741	2802
741	630
741	2611
741	801
741	349
742	2147
742	807
742	1980
742	477
742	565
742	1923
742	1622
742	2073
742	1923
742	2073
743	1998
743	1751
743	1228
743	556
743	3470
743	1202
743	1082
743	1033
744	2438
744	2425
744	3495
744	3325
745	455
745	2121
745	2665
745	44
745	726
745	3178
745	691
745	355
745	726
745	3178
745	691
745	1684
745	355
745	455
745	2598
745	2869
745	1210
745	1210
745	2276
745	2869
745	130
745	2132
745	49
745	2174
745	2639
745	2598
746	1793
746	2611
746	2565
746	2663
746	2668
746	1134
746	957
746	685
746	2565
746	957
746	2663
746	1134
746	1134
746	2668
746	2663
746	1191
746	685
746	957
746	2565
746	2611
746	1793
747	1700
747	262
747	89
747	618
747	2984
747	1700
747	89
747	406
747	618
747	2638
748	915
748	921
748	3132
748	50
748	332
748	921
748	3132
748	50
748	915
748	332
748	2066
748	2925
748	3150
748	1796
748	1720
748	412
748	380
748	2066
748	1796
748	1720
748	1822
748	380
749	1616
749	2189
749	1898
749	645
749	1275
749	1984
749	2073
749	1275
749	645
749	1898
749	1381
749	2189
749	1616
749	866
749	866
749	1381
750	1953
750	527
750	292
750	1953
750	527
751	426
751	3471
751	1791
751	731
751	2160
751	1798
751	1320
751	403
751	1029
751	1320
751	1798
751	2160
751	1029
751	731
751	1791
751	403
751	3471
751	426
752	900
752	474
752	577
752	1190
752	42
753	2254
753	3088
753	1980
753	1034
753	1030
753	34
753	1034
753	1030
753	34
754	321
754	2245
754	1381
754	2506
754	878
754	2509
755	3402
755	3124
755	3103
755	420
755	2298
755	1169
755	1592
755	526
755	420
755	3096
755	3124
755	3103
755	3402
755	3096
755	526
755	1169
755	2298
756	762
756	2391
757	917
757	607
757	2624
757	1384
757	3220
757	410
757	1107
757	2515
757	3220
758	1714
758	2917
758	1126
758	786
758	1298
758	1854
758	2917
758	2953
758	786
758	2031
758	1712
758	1126
758	1714
759	1698
759	1372
759	781
759	2486
759	968
759	1046
760	2259
760	12
760	573
760	1804
760	166
760	1210
760	2246
760	2259
760	1210
761	529
761	2930
761	2165
761	2390
761	3079
761	2827
761	860
761	234
761	2822
762	1107
762	2884
762	2340
762	736
762	1569
762	81
762	64
763	2543
763	1930
763	2094
763	1930
763	1194
763	2543
763	2861
763	2994
763	924
763	1595
763	822
763	2994
763	1930
763	2094
764	1729
764	931
764	3254
764	931
764	1501
764	3184
765	343
765	357
765	357
765	420
765	2276
765	1647
765	2687
765	1627
765	343
765	782
765	1359
766	2629
766	420
766	103
767	2073
767	288
767	1667
767	1780
767	2073
767	1667
767	2364
767	1918
767	288
767	2824
767	1152
767	1780
768	2218
768	785
768	3483
768	3087
768	3087
768	412
768	2608
768	1328
769	2253
769	482
769	1181
769	2253
769	482
769	3176
769	1181
769	2741
769	768
770	1285
770	3173
770	3021
770	488
770	3019
770	2729
770	2292
770	1927
770	344
770	1285
770	3173
770	3021
770	488
770	3019
770	2729
770	2292
770	1927
770	344
771	1232
771	1423
771	503
771	1833
771	2231
771	2469
771	1129
771	161
771	2318
772	2990
772	3074
772	380
772	1537
772	37
772	1252
772	329
772	936
772	1746
772	1537
772	2990
773	662
773	1534
773	1404
773	2734
774	449
774	271
774	271
774	1008
774	514
774	218
774	1855
774	2128
774	449
774	2151
774	146
774	514
774	1008
775	1670
775	717
775	644
775	402
775	1752
775	1871
775	2771
775	1526
775	2433
776	1427
776	328
776	899
776	1928
776	601
776	2413
776	1908
776	2927
777	1115
777	3234
777	1546
777	2295
778	1124
778	2938
778	111
778	2938
778	3403
778	1124
778	111
778	2699
778	1044
778	2938
778	2100
778	2684
779	1395
779	3309
779	1349
779	2665
779	2432
779	2728
779	3472
779	391
779	118
779	2432
779	2728
779	3472
779	2665
779	1395
779	3309
779	1349
779	391
779	118
780	1035
780	1110
781	2193
781	2511
781	1074
781	136
781	507
781	199
781	2906
781	1752
781	2279
782	1173
782	2809
782	166
782	1584
782	1372
782	166
782	1584
782	1009
782	1838
782	477
782	1009
782	1372
782	166
783	3093
783	1031
783	383
783	909
783	3309
783	3093
783	2444
784	1717
784	2663
784	3095
784	2415
784	270
784	270
784	2415
784	835
784	903
784	3162
784	2663
784	52
784	1717
784	3095
785	3013
785	9
785	2985
785	2073
785	420
785	2633
785	578
785	2462
785	1234
785	1234
785	2633
785	420
785	2985
785	9
785	3013
786	12
786	411
786	2545
786	2552
786	3303
786	1980
786	132
786	2544
786	2561
787	581
787	2691
787	2433
787	103
787	1503
787	2590
787	620
787	581
787	2691
787	2175
787	1503
787	2590
787	327
788	2698
788	2633
788	1504
788	2373
788	3404
788	2698
788	2633
788	3404
788	2698
788	2633
788	420
789	1119
789	3301
789	2634
789	1213
789	886
789	1772
789	1713
789	2212
789	1582
789	1582
789	1213
789	2634
789	1119
790	243
790	1878
790	243
790	1878
790	1204
790	719
791	947
791	773
791	884
791	178
791	2157
791	415
791	1312
791	2976
791	481
791	481
791	2976
791	1312
791	178
791	884
791	2157
791	773
792	939
792	2733
792	1004
792	1938
792	189
792	351
792	351
792	189
792	1938
792	1004
792	3405
792	2733
792	2372
792	3406
792	939
793	3407
793	1345
793	2365
793	2784
793	522
793	1946
793	2365
793	1345
793	522
793	3407
793	2862
793	2784
793	3017
793	1904
793	1904
793	3017
793	2784
793	2862
793	3407
793	1345
794	2621
794	1241
794	1955
794	1881
794	1409
794	2653
795	2404
795	2453
795	2148
795	2220
795	2404
795	2453
796	2050
796	1010
796	1876
796	2843
796	1651
796	27
796	808
796	1358
796	604
796	808
796	27
796	604
796	1358
796	1651
796	2843
796	1876
797	1541
797	1447
797	1977
797	3408
797	1663
797	3257
797	3243
797	66
797	1738
798	1049
798	2076
798	2305
798	511
798	2018
798	1663
798	1663
798	2305
798	954
798	3281
798	108
798	2076
798	1049
798	2018
798	511
799	1649
799	3031
799	1361
799	535
799	2657
799	303
799	2709
799	1054
799	1976
799	1976
799	535
799	1361
799	1054
799	2709
799	303
799	2657
799	3031
799	1649
800	3306
800	3286
800	1403
800	947
800	2683
800	2109
800	1566
800	1178
800	2771
800	1566
800	2109
800	2683
800	947
800	1403
800	3306
801	986
801	752
801	684
801	3473
801	986
801	1719
802	1214
802	499
802	2962
802	1752
802	2831
802	139
802	2965
802	2901
802	2901
802	499
802	1214
802	2965
802	139
802	2673
802	2831
802	1752
802	2962
803	570
803	1742
803	2042
803	209
803	1938
803	962
803	1762
803	3409
803	2286
803	1582
803	2042
803	570
804	479
804	563
804	1074
804	1379
804	479
804	563
804	1379
804	693
804	2750
804	1551
804	377
805	1056
805	3410
805	788
805	3411
805	3412
805	3413
805	454
805	278
805	2017
805	3414
805	3414
805	454
805	3412
805	3411
805	1056
806	1882
806	709
806	382
806	3232
806	2929
806	2052
806	597
806	1994
806	2159
806	381
806	381
806	2159
806	2052
806	2929
806	3232
806	382
807	1696
807	212
807	2955
807	669
807	996
807	1398
807	669
807	2456
807	669
807	2002
808	2107
808	3417
808	2531
808	3416
808	2240
808	2972
808	568
808	3417
808	2531
808	2240
808	3415
809	467
809	3136
809	73
809	84
809	1915
809	2181
809	3194
809	2458
809	1853
809	1804
810	2435
810	971
810	971
810	1646
810	961
810	463
810	802
810	2195
810	961
810	463
810	2435
810	1646
811	1217
811	2826
811	1199
811	849
811	639
811	2537
811	359
811	1135
811	608
811	979
811	608
811	359
811	1199
812	2007
812	1617
812	476
812	1801
812	272
812	2032
812	2702
812	628
812	3146
812	380
813	2340
813	970
813	284
813	2732
813	496
813	734
813	213
813	1327
813	3180
813	1072
813	1072
813	1327
813	213
813	734
813	496
813	284
813	970
813	2340
814	2387
814	1104
814	1705
814	656
814	3485
814	3484
814	2101
815	3333
815	1762
815	3310
815	2613
815	1804
815	1576
815	3333
815	1762
815	3310
815	1804
815	2167
815	755
815	2596
816	2833
816	2085
816	906
816	1984
816	674
816	1902
816	2355
816	187
816	2061
816	1340
816	674
816	2833
816	1902
816	1984
817	1665
817	3016
817	1061
818	2167
818	2744
818	3254
818	1860
818	2482
818	2588
818	495
818	1556
818	2473
818	1244
818	1556
818	495
818	2588
818	2482
818	3254
818	2744
819	2322
819	240
819	2649
819	1807
819	71
820	1443
820	1318
820	3280
820	3475
820	685
820	1467
820	1093
820	3130
820	1318
820	685
820	3474
820	1467
820	2012
820	1093
820	3130
821	2224
821	1511
821	619
821	229
821	178
821	229
821	258
822	2695
822	1081
822	737
822	1265
822	143
822	1898
822	1792
822	1836
822	1265
822	143
823	768
823	1267
824	1536
824	3418
824	2320
824	2183
824	1468
824	3283
824	173
824	1905
824	1664
824	798
824	1536
824	3418
824	2183
825	303
825	226
825	1389
825	303
825	2650
825	2472
825	2904
825	1389
825	2326
825	226
825	1389
825	2472
825	1702
825	2904
825	2326
826	1899
826	594
826	1229
826	1172
826	2060
826	2960
826	1814
826	1252
826	113
826	1805
826	1252
826	1814
826	594
827	2923
827	2938
827	2790
827	3
827	2971
827	241
827	2550
827	2971
827	241
828	2265
828	546
828	834
828	3419
828	2437
828	1199
828	1510
828	31
828	1387
828	834
828	2437
828	2099
828	1510
828	1387
828	2265
828	834
828	2437
828	1387
828	2265
828	546
828	3419
828	1199
828	1510
828	31
828	2099
828	1510
828	31
828	3419
828	1387
829	3047
829	1801
829	2570
829	1531
829	2082
829	2073
829	2073
829	970
829	1470
829	3148
829	2082
829	1531
829	1161
829	1801
829	2570
829	3047
830	1848
830	1564
830	2228
830	567
830	1574
831	2932
831	170
831	2308
831	170
831	2308
831	1969
831	3297
831	1549
831	695
831	857
831	2767
831	153
831	857
831	2767
831	2308
831	1969
831	3297
832	3420
832	315
832	1762
832	248
832	1790
832	1779
832	2542
833	2030
833	2207
833	983
833	2867
833	2934
833	3476
833	2867
833	2119
834	1722
834	3004
834	1204
834	1897
834	1585
834	2707
834	216
835	309
835	1911
835	1369
835	1215
835	1353
835	2080
835	331
835	538
835	2080
835	309
835	1911
835	331
835	538
835	1215
835	1353
835	2080
836	1631
836	653
836	110
836	2694
837	842
837	943
837	3120
837	1060
837	480
837	842
837	2970
837	2389
837	2778
837	1060
838	163
838	263
838	848
838	432
839	1762
839	2909
839	2730
839	1181
839	2921
839	2805
839	2909
840	883
840	2633
840	2289
840	1559
840	2255
840	2103
840	870
840	1295
841	2558
841	3037
841	1402
841	2035
841	2800
841	2447
841	3182
841	1790
841	3477
841	3477
841	1790
841	3182
841	2447
841	2800
841	2035
841	1402
841	3037
841	2558
841	1086
842	1629
842	461
842	2340
842	2381
842	726
842	923
843	2435
843	728
844	1881
844	2922
844	1949
844	2813
844	2545
844	281
844	3421
844	2850
844	2549
844	137
844	281
844	2922
844	1881
845	3005
845	1588
845	2938
845	185
845	359
845	1286
846	2013
846	3009
846	1738
846	36
846	2600
846	235
846	963
846	3239
846	1087
846	1241
846	1738
846	2013
846	3239
846	3009
846	1087
846	36
846	1241
846	235
847	1208
847	2644
847	1208
847	885
847	2508
847	2644
847	237
847	777
847	2770
847	435
847	462
848	712
848	2774
848	162
848	2040
848	712
848	2774
848	162
848	2040
848	1249
848	989
848	2095
848	2028
848	1747
848	1249
848	2028
848	1747
848	989
848	2095
849	1801
849	2147
849	2224
849	2888
849	3100
849	2938
849	2224
849	1801
849	1956
849	2147
850	2701
850	1165
850	747
850	112
850	476
850	1439
850	2701
850	926
851	2974
851	926
851	1817
851	464
851	2974
851	2
851	2073
851	124
851	926
851	1817
851	224
851	464
852	552
852	2868
852	2686
852	2300
852	2298
852	1872
852	1768
852	16
852	243
852	2686
852	2300
852	1872
852	2298
852	1768
853	631
853	1198
853	2376
853	1781
853	4
853	2063
853	1590
853	1648
854	66
854	703
854	1431
854	286
854	1301
854	2617
854	66
854	703
854	1431
854	286
854	1301
854	2617
854	165
855	148
855	2530
855	2335
855	706
855	1931
855	325
855	1623
855	706
855	1931
855	325
855	1997
855	1674
855	977
856	418
856	2911
856	135
856	23
856	1218
856	418
856	23
856	1218
857	2350
857	3422
857	927
857	3313
857	1540
857	3423
857	2468
858	851
858	943
858	2926
858	2105
858	215
858	2341
858	759
858	3424
858	1073
858	2926
858	943
858	851
858	1277
859	2781
859	2879
859	2543
859	2176
859	1650
859	379
859	2611
859	756
859	2879
859	2176
859	2543
859	2781
859	2615
859	105
860	1974
860	2062
860	1635
860	1236
860	92
860	1391
860	2655
860	1008
860	2848
860	92
860	1236
860	2848
860	1008
860	2655
860	1392
860	1391
860	1635
860	2062
860	1974
861	387
861	1859
861	1552
861	805
861	2331
861	2313
861	1972
861	1552
861	2313
861	2235
862	571
862	2337
862	284
862	2147
862	1797
862	2947
862	2249
862	3478
862	2490
862	1797
862	2249
862	3478
862	2490
862	284
862	1797
862	2947
862	2249
862	2147
862	571
862	3478
862	2490
862	2337
863	2321
863	1130
863	479
863	440
863	1013
863	491
863	1685
863	542
863	958
863	467
864	3002
864	1021
864	2516
864	3486
864	2009
864	3486
864	1643
865	69
865	970
865	3131
865	2268
865	2554
865	672
865	3073
866	1938
866	2470
866	2964
866	1176
866	1675
866	1719
866	184
866	402
867	1335
867	2162
867	2356
867	449
867	3294
867	129
867	1842
867	1003
867	1070
867	82
867	129
867	449
867	3294
867	2162
868	2000
868	1368
868	145
868	2328
868	2000
868	1236
868	2738
868	1291
868	1573
868	3119
868	1368
868	145
869	2543
869	1911
869	1428
869	2090
869	2903
869	2090
869	1553
869	2903
870	2902
870	677
870	835
870	1455
870	3240
870	1873
870	264
870	2987
870	2370
870	2663
871	3051
871	1681
871	159
871	3077
871	150
871	2758
871	2839
871	1786
871	532
871	58
871	532
871	532
871	3077
871	159
871	58
871	1786
871	2839
871	2758
871	1681
871	3051
871	150
872	2799
872	694
872	106
872	2272
872	206
872	441
873	3496
873	1098
873	1832
873	823
873	305
873	2097
874	3498
874	1120
874	3248
874	3497
874	1532
874	2426
874	2135
875	2190
875	715
875	414
875	1459
875	913
875	2310
875	3425
875	2362
876	1752
876	717
876	2505
876	76
876	2965
876	2663
876	1664
876	1499
877	2543
877	890
877	3077
877	3225
878	3426
878	2147
878	1992
878	237
878	1
878	1297
878	853
878	2928
878	2543
878	3109
878	3109
878	2543
878	853
878	1297
878	1
878	237
878	1992
878	2147
879	3316
879	1582
879	2538
879	1592
879	2073
879	2560
879	1672
879	1586
879	2254
879	1611
879	2560
879	1586
879	2254
880	2854
880	701
880	3392
880	3392
880	1921
880	1692
880	701
880	2854
880	2084
880	2592
880	1596
880	2591
880	1554
881	2679
881	3110
881	3031
881	1197
881	2168
881	273
882	1914
882	3249
883	1202
883	990
883	2136
883	517
883	2424
883	257
883	2907
883	2112
883	1608
883	721
883	257
883	2424
883	517
883	2136
883	990
883	1202
883	1202
883	990
883	2136
883	517
883	2424
883	257
883	721
884	2110
884	1476
884	2878
884	689
884	2597
884	329
884	39
884	404
884	2669
884	1372
885	3479
885	1879
885	1200
885	1078
885	894
885	2202
885	178
885	3297
885	444
885	2092
885	2202
885	1078
885	3297
885	894
885	178
886	1934
886	769
886	2223
886	640
886	1730
887	944
887	963
