0	2601
0	2415
1	2774
1	56
2	167
2	143
3	3692
3	1471
4	2010
4	3047
5	2296
5	4035
6	1401
6	1073
7	1035
7	3233
8	530
8	1805
9	3693
9	3694
10	3695
10	3696
11	3149
11	3498
12	846
12	3546
13	2599
13	258
14	2052
14	3003
15	3160
15	2041
16	3427
16	298
17	2877
17	2140
18	2452
18	2377
19	2288
19	494
20	547
20	2600
21	586
21	1103
22	3313
22	3537
23	678
23	1415
24	2561
24	609
25	2727
25	1886
26	122
26	3697
27	4036
27	2401
28	1462
28	2567
29	2474
29	1348
30	3027
30	3369
31	3698
31	1486
32	2991
32	3699
33	1105
33	3109
34	1550
34	626
35	1535
35	603
36	2813
36	1188
37	954
37	2388
38	2731
38	836
39	74
39	3076
40	1013
40	1657
41	1878
41	2863
42	3149
42	385
43	518
43	1169
44	79
44	1646
45	1025
45	3290
46	3609
46	3004
47	1505
47	2446
48	211
48	1350
49	2589
49	3700
50	2414
50	2233
51	3701
51	1833
51	2835
52	1310
52	268
52	268
52	1310
52	766
53	2199
53	4387
54	2889
54	1206
54	3270
54	3270
54	1206
54	2889
55	2744
55	3478
55	3116
56	1496
56	1111
56	3025
56	1496
56	3025
57	509
57	2095
58	1973
58	3702
58	3069
59	1357
59	2959
59	3409
60	4037
60	160
61	4038
61	4039
61	4040
62	4041
62	4042
62	523
63	2796
63	768
63	768
63	2796
63	3626
64	3306
64	1570
65	91
65	1952
66	2217
66	3565
67	2208
67	539
67	1715
67	3231
67	2139
67	1545
67	159
67	1228
67	3433
67	2374
67	1192
67	2374
67	546
68	1812
68	531
69	294
69	1465
70	4044
70	4043
70	4044
70	4043
70	1254
71	337
71	1774
71	1012
72	2767
72	3554
72	3554
72	2767
72	3361
73	2966
73	934
73	1450
74	2637
74	2321
74	3703
74	2321
74	2637
75	1220
75	817
76	2167
76	110
76	2266
76	2266
76	2167
77	4388
77	37
78	3529
78	805
78	2584
79	514
79	1589
80	3513
80	2544
80	2516
80	2544
80	3513
81	2925
81	1163
81	270
81	1163
81	2925
82	456
82	4045
82	3374
82	4045
82	456
83	644
83	2528
84	4046
84	3048
85	1395
85	336
85	570
85	336
85	1395
86	2939
86	308
86	308
86	1766
86	1766
86	308
86	2939
87	3531
87	2540
88	1869
88	1110
89	38
89	2711
89	3704
90	3616
90	680
91	2174
91	3346
91	1999
92	355
92	798
93	3035
93	458
94	2476
94	936
95	1761
95	1023
95	390
95	390
95	1023
96	187
96	2493
97	2876
97	2393
97	3607
98	1336
98	1361
99	377
99	505
100	1658
100	1288
101	0
101	919
102	249
102	1256
102	1256
102	249
102	1551
103	4047
103	3100
103	3100
103	1985
103	4047
104	2330
104	1316
105	2403
105	58
105	2302
106	1539
106	3555
107	3658
107	3642
107	1837
107	1837
107	3642
108	3622
108	3373
108	243
108	3373
108	3622
109	1504
109	2308
109	634
109	2308
109	1504
110	2190
110	235
110	1378
111	3606
111	2009
111	2502
111	2502
111	2009
111	3606
112	2793
112	2187
112	1005
112	2187
112	2793
113	4048
113	2425
113	4049
114	1448
114	731
115	3705
115	2565
115	2277
115	3705
115	2565
115	2277
116	576
116	1721
117	223
117	26
118	2497
118	2883
118	2340
119	971
119	2351
119	2435
119	2351
119	971
120	2394
120	2030
121	4050
121	498
121	4051
121	4051
121	498
122	1070
122	3243
122	1297
122	3243
122	1070
123	1630
123	3096
124	226
124	656
125	2432
125	2747
126	378
126	2704
126	378
126	2704
127	116
127	966
127	1763
128	795
128	2732
129	2039
129	611
130	1998
130	3706
130	233
131	2911
131	353
132	2771
132	3707
132	3708
132	2771
133	1127
133	750
133	2522
133	750
133	1127
133	2522
133	1127
134	3065
134	1552
134	151
134	151
134	1552
135	1484
135	754
135	2892
136	2409
136	1453
137	2480
137	1277
138	4053
138	4052
139	46
139	957
140	3239
140	2029
140	1056
140	1056
140	3239
141	2977
141	2202
141	980
142	515
142	3709
142	3211
143	2102
143	744
144	1523
144	965
145	4054
145	1294
145	1561
145	1561
145	1294
145	4054
145	1561
145	1294
146	3455
146	1328
147	1566
147	1038
148	3673
148	2469
148	1174
148	2469
148	3673
149	2735
149	391
150	4055
150	2685
150	837
150	4055
150	2685
151	902
151	3710
151	3711
151	3712
151	902
151	3710
151	3711
151	3712
152	4056
152	2849
153	2859
153	229
153	3416
153	3515
153	229
153	2859
154	2269
154	2626
154	1996
154	2084
155	566
155	325
155	1119
155	2722
155	1119
155	325
155	566
156	3230
156	3379
156	2693
156	1332
156	3230
157	2797
157	758
157	2797
157	807
157	758
158	257
158	679
158	679
158	257
158	1615
158	2778
159	3714
159	3713
159	2937
159	1982
160	2730
160	1340
161	3556
161	1794
161	4390
161	4389
162	2564
162	1948
163	4346
163	3691
163	1777
163	3236
164	2501
164	194
164	2501
164	1440
165	3647
165	2449
165	1331
165	2449
165	3647
165	3561
165	1331
165	3561
166	1727
166	3282
166	2272
167	624
167	1385
168	33
168	315
169	2161
169	683
169	4057
170	979
170	2037
170	3105
170	2638
171	1026
171	508
171	4058
171	4059
171	1026
171	508
171	4058
172	1930
172	4391
173	918
173	3345
173	3085
173	444
174	4393
174	4392
175	387
175	72
175	502
175	1075
176	2695
176	3715
176	2295
176	2811
176	2811
176	2295
176	3715
177	584
177	1483
177	584
177	1483
178	3716
178	1434
178	2810
178	1410
178	3716
178	1434
178	2810
178	1410
179	2411
179	2798
179	2842
179	2591
179	2591
179	2842
179	2798
179	2411
180	240
180	1575
180	3469
180	1946
181	2046
181	2815
181	4060
181	2837
181	4060
181	2815
181	2046
182	3188
182	2146
183	956
183	4394
184	1706
184	2157
184	1706
184	2157
184	650
184	2063
185	3272
185	769
185	1843
185	2456
186	2676
186	1944
187	2181
187	2264
188	3018
188	2857
188	1650
188	3152
189	133
189	3717
189	879
189	1177
189	1177
189	133
190	1092
190	1500
190	4061
190	3614
191	770
191	2887
191	903
191	2887
192	3408
192	3088
192	3718
193	2289
193	4062
193	4063
193	2289
193	4062
194	3097
194	4064
194	2929
194	3097
194	4064
194	1443
194	2929
194	4064
194	3097
195	2410
195	2853
195	3589
195	2483
196	4067
196	4066
196	4065
196	4066
196	4067
196	1826
197	2097
197	1018
197	2360
197	3719
198	3720
198	1494
198	2297
198	1636
199	1187
199	3721
199	772
199	3419
199	3419
199	772
199	3721
200	3722
200	3124
200	1351
200	748
201	70
201	4395
202	3038
202	393
202	1913
202	393
202	896
202	3038
203	123
203	2024
203	182
203	1116
204	1104
204	1353
204	3552
204	1130
205	3245
205	3525
206	2612
206	534
206	2612
206	534
207	3724
207	1079
207	3723
208	876
208	3093
208	2545
208	3426
209	209
209	733
209	209
209	733
209	3169
210	1367
210	65
211	1910
211	868
211	4068
211	814
212	3725
212	313
212	3726
212	3586
212	3586
212	3726
213	3682
213	3479
213	3682
213	3479
214	4348
214	4347
214	3387
214	1327
215	3183
215	1736
216	1928
216	2061
216	3727
216	2319
216	2319
216	2061
217	707
217	4396
218	3258
218	3560
218	247
218	2503
219	1548
219	4069
219	2071
220	1584
220	751
220	774
220	1040
220	1584
220	751
220	1040
221	674
221	4349
221	2688
221	1006
222	1099
222	2982
222	4070
222	466
222	4070
222	2982
223	878
223	3129
223	3378
223	1261
223	1261
223	3378
223	3129
223	878
224	4397
224	2072
225	4071
225	3367
225	885
225	1753
225	1753
225	885
225	3367
225	4071
226	2398
226	1578
226	670
226	1578
226	670
227	3643
227	1001
227	4072
227	3643
227	1001
228	2080
228	756
228	1356
228	2941
229	790
229	1295
230	261
230	3597
230	1708
230	3728
231	2949
231	2222
231	3573
232	3458
232	2891
232	3729
233	719
233	2958
234	1093
234	3731
234	3730
234	1093
234	3731
234	3730
235	3732
235	3585
235	1665
235	2947
236	2487
236	3378
236	43
236	2652
237	3671
237	3569
238	2271
238	2183
238	2455
238	3733
239	2177
239	1573
239	2747
239	2205
240	402
240	1859
240	3611
240	200
240	3611
240	1859
240	402
240	1859
240	402
241	899
241	1792
241	3043
241	1792
241	3043
241	3043
241	1820
241	1792
241	899
242	3366
242	2197
242	1061
242	3366
242	1061
242	2197
242	1347
243	2602
243	3547
244	3279
244	668
244	2313
244	3279
244	668
244	2313
245	39
245	990
246	581
246	2887
247	2902
247	3099
247	1567
247	738
248	3734
248	3735
248	3736
248	3737
249	3400
249	4350
249	1989
249	3296
250	55
250	2006
251	2910
251	2203
251	2003
251	1063
251	1063
251	2003
251	2203
252	1301
252	2597
253	2008
253	3120
253	3080
253	2327
254	3540
254	3218
254	4074
254	4073
255	686
255	727
256	3739
256	1668
256	3738
256	13
257	1609
257	1544
258	3566
258	3740
258	3741
258	2555
259	4398
259	663
260	2912
260	2336
260	1685
260	2336
260	2912
260	3348
261	1969
261	1408
261	42
261	482
262	2703
262	2198
262	661
262	2329
262	2329
262	2703
263	3420
263	3380
264	4076
264	1248
264	867
264	4075
265	2343
265	2631
266	1078
266	420
267	3454
267	2166
267	3214
267	2166
267	3454
267	2660
268	1167
268	3742
268	3742
268	1167
268	301
268	3743
268	3743
268	1167
268	3742
269	799
269	2032
269	330
269	2032
269	799
269	726
270	2900
270	1580
270	2206
270	137
271	665
271	1373
271	665
271	1373
272	1052
272	2309
272	1284
272	1249
273	3312
273	2642
273	3744
273	3745
273	3746
274	989
274	335
274	3553
275	1034
275	2559
275	2145
275	2952
275	2443
276	4078
276	4077
276	4078
276	1887
276	1384
277	4399
277	2800
278	447
278	3267
278	447
278	2383
279	3678
279	2059
279	3162
279	362
279	3678
280	620
280	3115
280	816
281	1744
281	1298
281	3747
281	306
282	1198
282	474
282	1198
282	474
283	3748
283	2118
283	3748
283	2118
283	1259
284	1368
284	2464
285	3749
285	3750
285	1051
285	3751
285	3014
285	3751
285	1051
286	3661
286	1689
287	645
287	409
287	164
288	4351
288	1485
289	526
289	1667
289	127
289	1667
289	3752
289	526
289	2479
289	526
289	1667
290	1131
290	864
290	1131
290	864
291	3753
291	3090
291	2786
291	2142
291	2979
291	2979
291	2142
291	2786
291	3090
291	3753
292	454
292	12
292	655
292	1623
293	2458
293	2879
293	1029
293	4079
294	2498
294	4081
294	4080
295	1231
295	933
295	109
295	956
295	1984
295	956
295	109
295	933
295	1231
296	1748
296	329
296	2970
296	431
296	2296
297	595
297	2763
298	3491
298	263
298	4400
298	1213
299	3755
299	2658
299	3754
300	4085
300	4084
300	4082
300	4085
300	4084
300	4083
300	4082
301	754
301	3387
301	45
301	3756
301	1160
302	2851
302	152
302	1067
302	614
302	3757
302	3757
302	614
303	1185
303	1714
303	156
304	1748
304	901
304	3578
305	3036
305	1966
305	2312
305	3758
305	632
305	1966
305	632
305	3036
305	3758
305	2312
305	3758
305	632
306	3759
306	1427
306	3760
306	1428
306	1431
307	2878
307	2533
307	3761
307	1703
307	2533
307	1627
308	1971
308	642
309	931
309	1533
309	3218
309	2760
309	1608
309	1608
309	3218
309	1533
310	4090
310	4089
310	4086
310	4088
310	4087
311	1994
311	2741
311	272
311	1770
311	2273
312	3762
312	1628
313	1475
313	1902
314	4401
314	797
314	2442
315	1511
315	1661
315	4091
315	1899
315	2460
316	1943
316	2961
316	3389
316	673
316	3488
316	3488
316	673
316	3389
316	2961
316	1943
317	3447
317	1812
317	500
317	1812
318	1681
318	3066
318	890
318	852
319	1010
319	2454
319	2615
319	4092
319	714
320	4354
320	4353
320	4352
320	2996
321	1421
321	369
321	849
321	3763
321	1858
321	3763
322	201
322	4402
322	3042
323	1616
323	1027
323	1156
323	1791
323	1568
324	2090
324	3107
324	3013
324	3013
324	3107
324	2090
324	487
324	309
325	1062
325	559
325	888
325	888
325	170
325	559
325	1062
325	735
326	35
326	1817
326	276
326	1883
326	4355
327	37
327	1041
327	3083
327	2485
327	666
327	666
327	2485
327	3083
327	1041
327	37
328	605
328	1161
328	2546
329	1342
329	1797
329	3142
329	1002
329	3244
330	2838
330	722
331	1848
331	68
331	1252
331	1252
331	80
331	68
331	1531
331	1848
332	1834
332	3764
332	1834
332	3764
332	1925
333	3765
333	3064
333	3008
333	3766
333	1634
333	1634
333	3766
333	3008
333	3765
334	1991
334	1618
334	244
334	3446
334	2581
334	244
334	3446
335	1864
335	947
335	2611
335	1865
335	1864
335	947
335	2611
336	2659
336	4093
336	4094
336	643
336	1043
337	3278
337	246
337	97
337	3424
337	2056
338	52
338	537
339	2021
339	3634
340	1308
340	1597
340	3668
340	204
340	2124
341	2526
341	1196
341	2526
341	1196
341	2007
342	2755
342	2537
342	4095
343	3517
343	4403
343	1880
344	636
344	305
344	493
344	1263
345	893
345	4096
345	3200
345	2736
345	3262
346	996
346	2527
346	1042
346	2159
346	3123
346	3123
346	2159
346	1042
346	996
346	3123
346	1042
346	996
347	1610
347	4404
347	2950
348	1518
348	1274
348	4097
348	1796
349	1281
349	62
349	3545
349	1771
349	3000
349	1823
349	2867
349	3439
349	1047
349	4336
349	2219
349	392
349	269
350	3767
350	506
350	3382
350	2143
350	2224
351	575
351	3352
351	3013
351	2445
351	2229
352	4098
352	4099
352	4100
352	3194
352	1932
352	1932
352	4098
352	3194
352	4099
353	105
353	148
353	67
353	148
353	4101
353	713
353	105
354	3608
354	2100
354	2214
354	4102
355	2255
355	1473
355	627
356	2610
356	1290
356	2226
357	1846
357	1808
357	1846
357	1168
357	1808
357	841
357	4103
358	2504
358	4104
358	838
358	855
358	24
358	24
358	838
358	2504
358	855
358	4104
359	2663
359	273
359	2440
359	2478
359	149
360	3768
360	1469
360	480
360	489
361	222
361	700
361	949
361	3133
361	496
362	1093
362	762
362	1233
362	3473
363	251
363	2204
363	585
363	3769
363	3770
363	585
363	2204
364	3773
364	3772
364	3771
364	479
364	1692
365	3474
365	1705
365	3775
365	3774
365	323
365	1705
365	323
365	3774
365	3775
365	3474
366	289
366	283
366	283
366	2275
366	289
366	1951
366	732
367	1959
367	2818
367	1317
367	2397
367	1113
367	1113
367	2397
368	2634
368	3009
368	524
368	2903
368	1719
369	2284
369	4105
369	792
369	1149
369	3558
369	2284
369	4105
369	792
369	1149
369	3558
370	3493
370	3266
371	1205
371	503
372	820
372	3639
372	176
372	1095
372	820
372	1095
373	1265
373	1325
373	2989
373	314
373	2989
373	314
373	1275
373	1325
374	2507
374	593
374	436
374	185
374	593
374	2507
374	304
375	2085
375	720
375	1242
375	2575
375	1560
375	1242
375	2085
376	2121
376	977
376	2175
377	985
377	3387
377	1390
377	1077
377	175
378	3197
378	4106
378	214
378	2908
378	3197
378	4106
378	214
378	3583
379	1293
379	2099
379	1232
379	2582
379	4107
380	134
380	333
380	2148
380	3637
380	271
381	1741
381	2690
381	848
381	3358
381	3055
382	1309
382	386
382	3670
382	386
382	1309
382	3277
382	1649
382	1649
382	3670
383	3777
383	3776
384	2156
384	4108
384	2077
384	2453
384	2156
384	4108
384	2077
385	1480
385	358
385	2668
385	3221
385	89
386	178
386	1358
386	2060
386	2538
386	1358
386	2538
387	1313
387	984
387	2654
387	1313
387	984
388	4110
388	4109
388	406
388	3075
388	4110
388	4109
389	2251
389	946
389	3192
389	3778
389	3779
389	3778
390	2207
390	2548
390	1851
390	50
390	2548
390	1851
390	50
391	3129
391	1073
391	3368
391	2105
391	694
391	694
391	3368
391	3129
391	2105
391	1073
392	4111
392	210
392	2585
392	2562
393	2573
393	1932
394	3780
394	693
394	1430
394	2753
394	2753
394	475
394	1430
394	693
394	3780
395	2821
395	3128
395	4112
395	4112
395	3128
395	2821
395	5
395	582
396	3254
396	3781
396	968
396	1186
396	1759
396	968
396	1186
397	2848
397	2367
397	2988
397	2496
397	3629
397	2496
397	2367
397	3629
397	2988
398	4113
398	2368
399	2138
399	1212
399	3071
399	3019
399	3782
400	3783
400	3784
400	3785
400	563
400	3246
400	3246
400	3785
401	716
401	1058
402	4114
402	3399
402	2870
402	1413
402	4115
402	1413
402	3399
402	2870
402	4114
403	4406
403	4405
403	108
403	1261
404	689
404	104
404	3786
404	1881
404	1881
404	3786
404	104
404	689
404	676
405	1687
405	150
406	1508
406	193
406	1303
407	460
407	3104
407	1595
408	3788
408	3397
408	1098
408	2231
408	3787
408	1098
409	659
409	11
409	2960
409	659
409	11
410	3588
410	3241
411	1735
411	118
411	2172
411	1286
411	3103
411	3789
411	3789
411	3103
411	2172
412	2861
412	3413
412	1647
412	3790
412	410
412	1150
412	1647
412	410
412	3413
412	2861
412	3790
413	2370
413	3791
413	2512
413	3792
413	3457
413	2363
413	2512
413	3791
413	2370
414	3794
414	350
414	2133
414	3793
414	3432
414	2843
415	1193
415	3041
415	639
415	2018
415	963
415	2215
415	2215
415	963
415	639
415	1193
416	2608
416	2621
416	1693
416	3467
416	2608
416	3467
417	1860
417	549
418	3226
418	2247
418	4116
418	2866
418	3207
418	4116
418	3207
418	2247
418	2866
418	3226
418	3082
419	580
419	2645
419	2417
419	3442
419	3442
419	580
420	1960
420	3795
420	601
420	1546
420	1958
420	2267
421	718
421	136
422	3797
422	510
422	3336
422	2872
422	3336
422	3796
422	3220
422	510
422	3797
423	3316
423	2814
423	2975
424	1164
424	2437
424	2618
424	699
425	3799
425	785
425	2558
425	3798
426	1830
426	3289
426	2594
426	2004
426	413
426	1830
426	3289
427	1739
427	2491
427	2894
427	1879
427	3329
427	205
428	2829
428	1499
428	1935
428	2829
428	1499
428	3134
428	3256
428	3800
428	3256
428	3800
429	1569
429	2992
429	1184
429	2407
429	2407
429	1184
429	2992
429	1569
429	2733
429	3801
430	3317
430	3418
430	2943
430	126
430	3293
431	3802
431	3803
431	1532
431	3804
431	3805
431	3806
432	3394
432	2257
432	3808
432	2300
432	3807
433	4120
433	4119
433	4118
433	4121
433	3051
433	4117
433	4117
433	3051
433	4118
433	4119
433	4120
433	4121
434	730
434	981
434	1787
434	1827
434	3304
434	1827
434	981
434	3304
434	1787
434	3304
435	435
435	453
435	395
435	3810
435	3809
435	395
435	3809
435	453
435	435
435	3810
435	3811
436	3294
436	938
436	672
436	2873
436	992
436	3294
436	938
436	672
436	2873
437	83
437	339
437	341
437	2125
437	341
437	2699
438	2681
438	906
439	479
439	578
440	1126
440	649
440	3487
440	4122
440	649
440	4123
440	4124
440	1126
441	3663
441	4125
441	597
441	4126
442	1553
442	3462
442	2436
442	3649
442	1553
442	4128
442	3462
442	4127
442	3649
442	2436
442	4127
442	3462
442	4128
442	1553
443	4130
443	3431
443	4131
443	4130
443	4129
443	3431
444	658
444	2862
444	1140
444	533
444	2862
444	3638
445	3812
445	2566
445	2954
445	3456
445	2954
445	3456
445	2182
446	3342
446	4132
446	535
446	2179
446	4132
446	4133
446	3342
446	401
447	4134
447	397
447	1182
447	862
447	47
447	397
447	1182
448	2048
448	2254
448	1978
448	3023
448	29
448	3624
449	2082
449	527
449	2706
449	2820
449	1096
449	812
450	2941
450	2907
450	2707
450	3044
451	4408
451	2622
451	2278
451	4407
452	2742
452	23
452	1824
452	3173
452	23
452	1824
452	1279
452	230
452	3173
452	1824
452	23
452	2742
453	1396
453	403
453	2280
453	635
454	2326
454	1159
454	3029
454	1287
454	3557
454	1209
454	3029
454	1287
455	1139
455	4135
455	296
455	2178
455	4136
455	1577
455	1577
455	296
455	2178
455	4135
455	1139
456	734
456	3813
456	3111
456	2400
456	3814
456	2049
456	734
456	3813
456	3111
456	2400
456	3814
456	2049
456	2049
456	3111
456	734
457	3815
457	619
457	912
457	1804
457	2130
457	3210
457	1804
457	3210
457	912
457	619
457	2130
457	3815
458	2500
458	2691
459	2104
459	3028
459	2346
460	2918
460	3393
460	877
460	2967
460	2884
461	2171
461	2495
461	2171
461	4137
461	2495
461	2502
461	2113
462	1276
462	1433
463	3816
463	405
463	760
463	492
463	3193
463	3817
463	3817
463	3193
463	3816
464	1942
464	1876
464	1365
464	1876
464	1365
465	1250
465	102
465	4138
465	3421
465	2301
465	4138
465	3421
466	295
466	1529
467	3674
467	2571
467	451
467	1786
468	2833
468	3523
468	4139
468	1605
468	2833
468	3523
468	4139
468	1605
469	3818
469	3186
469	2382
469	3344
469	1148
470	1968
470	1723
470	3325
470	2438
470	1968
470	1723
471	1102
471	4140
471	1102
471	4140
471	2471
472	3650
472	3665
472	3664
472	1897
472	173
472	1932
473	17
473	2839
473	4141
473	64
473	2462
473	1765
474	3820
474	3819
474	525
474	625
475	442
475	1360
475	1360
475	2687
475	3156
475	1940
475	169
475	442
475	442
475	1940
475	1360
475	3156
475	2687
476	2881
476	3440
476	948
476	2270
476	1513
476	365
476	2270
476	1513
476	365
476	3440
476	2881
476	1513
476	2270
476	948
477	3335
477	995
478	3077
478	2151
478	1171
478	3158
478	3652
478	2088
479	1874
479	1875
479	3112
479	120
479	4356
479	184
480	412
480	3602
480	755
480	3068
480	412
480	1007
480	3602
481	3238
481	455
481	2013
481	1338
481	2380
481	1520
482	1326
482	2131
482	1038
482	1129
482	1038
482	3623
482	2131
482	567
482	1326
483	3822
483	3821
483	1894
483	960
484	568
484	1963
485	3217
485	3823
485	821
485	3823
486	1084
486	1412
486	1412
486	2868
486	1084
486	3824
486	3504
486	2534
487	2869
487	891
487	3477
487	2743
487	2324
487	4142
487	2324
487	2743
487	2869
488	1905
488	2237
488	2468
488	3146
488	2310
488	3581
488	3146
488	2468
488	3581
488	2237
488	1905
489	1022
489	813
489	1132
489	1506
489	2728
489	2184
489	2184
489	2728
489	1506
489	813
490	3135
490	2375
490	2917
490	3060
490	3060
490	2946
490	2917
490	2160
490	2375
490	3135
491	3058
491	1816
491	3058
491	883
491	3155
491	1816
491	2373
491	3155
492	3826
492	3672
492	1509
492	3263
492	3263
492	3825
492	3672
492	2976
492	1509
492	3826
493	3141
493	3236
493	1638
493	1322
493	411
493	1322
493	411
493	3827
494	3575
494	254
494	82
494	1089
494	3657
494	1611
494	3657
494	82
494	1089
494	254
494	3575
495	2379
495	319
495	1261
495	1956
495	108
495	3074
495	1261
495	108
495	3074
496	3249
496	604
496	3101
496	652
496	2994
496	357
497	3828
497	3829
497	2661
497	1030
497	2997
497	1635
497	1635
497	2997
497	3828
497	2661
497	3829
498	962
498	1729
498	827
498	2000
498	3830
498	824
498	2000
498	827
498	824
498	3830
498	1729
498	962
499	2094
499	1222
499	2616
499	914
500	4144
500	1055
500	4143
500	368
500	909
501	2525
501	1738
501	2525
501	1738
502	2922
502	4146
502	1751
502	2702
502	4147
502	4145
502	4145
502	2702
502	1751
502	4146
502	2922
502	4147
503	60
503	2117
503	2344
503	2344
503	2117
503	1598
503	1785
503	3297
503	60
504	3526
504	545
504	545
504	2984
504	1145
504	1888
504	3505
504	3526
504	3505
504	1888
504	1145
504	2984
505	2547
505	4358
505	3168
505	2547
505	4357
506	1507
506	4148
506	1195
507	384
507	2916
507	3322
508	3208
508	2395
509	4409
509	1380
510	1289
510	3831
510	2279
510	2040
510	1289
510	3831
510	2279
510	2040
511	417
511	1382
511	3103
511	3832
511	2572
511	3198
511	2572
511	3103
511	3832
511	1382
511	417
512	3332
512	4150
512	4149
512	4152
512	4151
513	3163
513	439
513	4153
513	1937
513	1983
513	541
513	439
513	4153
514	1844
514	1
514	1460
514	2945
514	3315
514	1460
514	2945
515	2701
515	2720
516	2227
516	2490
516	2227
516	2915
516	2490
516	2228
516	3679
517	1211
517	3229
517	2944
517	1050
518	245
518	3232
518	1576
518	4154
518	2470
518	3275
518	1576
518	245
519	1061
519	4359
519	779
519	953
519	2766
519	3062
520	3666
520	2427
520	2938
520	2359
520	3503
521	20
521	4410
521	3635
521	1071
521	3598
521	2822
522	1392
522	2314
522	4155
522	1641
522	1392
522	2314
522	4155
522	1641
523	4158
523	4157
523	4156
523	765
524	3538
524	3617
524	3833
524	346
524	3319
524	1057
525	2824
525	1556
525	4159
525	1643
525	4160
525	3114
525	4159
525	1556
526	2283
526	1407
526	1121
527	1166
527	1675
527	106
527	2315
527	488
527	3572
528	177
528	2551
528	3330
528	3033
528	2127
529	564
529	1437
529	4414
529	4413
529	4412
529	4411
530	3124
530	3426
530	2069
530	2489
530	2069
530	2489
531	2529
531	284
531	1990
531	4161
531	1324
531	284
531	1934
531	2529
531	1934
531	4161
531	1324
531	1990
532	2580
532	2782
532	3351
532	2785
532	3351
532	2782
532	2580
532	1243
532	1642
533	4162
533	429
533	538
533	2539
534	910
534	1172
534	1268
534	2186
534	1526
534	1672
534	3199
534	1526
534	2186
534	1172
534	910
535	1246
535	2705
535	231
535	1828
535	18
535	3636
536	3480
536	3384
536	2737
536	3384
537	2467
537	3834
537	1572
537	637
537	660
537	1409
538	3835
538	3836
538	1574
538	3837
538	2880
538	3838
538	2023
538	3838
538	3836
539	1654
539	1767
540	1153
540	2852
540	331
540	1718
540	2050
541	2919
541	1441
541	1261
541	338
542	3370
542	2934
542	2218
542	3370
542	2218
542	3383
542	3122
542	3383
543	4164
543	310
543	3292
543	4163
543	2739
543	4164
543	310
543	3292
543	4163
543	2739
544	3388
544	2761
544	1840
544	4165
544	153
544	4166
544	3684
544	4166
544	4165
544	1840
544	2761
544	4166
544	4165
545	2913
545	694
545	4415
546	1115
546	2607
546	3839
546	1115
546	2607
546	3839
546	3841
546	3840
547	3842
547	711
547	1200
547	57
547	95
547	521
547	3843
547	3843
547	521
547	57
547	1200
547	711
548	987
548	3067
548	1691
548	991
548	4361
548	4360
548	3063
549	882
549	781
549	4416
549	3102
550	4167
550	250
550	1682
550	1682
550	3328
550	250
550	4167
550	2028
550	3147
550	2122
550	2122
550	3328
550	3147
550	2028
551	3
551	3844
551	470
551	9
551	3845
551	3441
551	9
551	470
551	3441
551	3844
551	1756
551	3845
551	3
552	2194
552	1473
552	2930
552	1443
552	3166
552	1678
553	4168
553	2738
553	2738
553	3497
553	4168
553	2241
553	4169
553	4170
553	1586
554	921
554	3592
554	1229
554	162
554	140
554	140
554	162
554	1229
554	3592
554	3537
554	921
554	2515
555	922
555	422
555	2390
555	248
555	1671
555	2385
555	248
555	422
555	2390
555	856
555	922
556	739
556	3847
556	3846
556	2914
556	2523
556	2807
556	3847
556	370
556	739
557	3848
557	1280
558	1031
558	3485
558	1909
558	198
558	4172
558	4171
558	1031
558	4172
558	3485
558	1909
558	4171
558	198
559	1768
559	1757
560	753
560	2376
560	1993
560	708
561	4173
561	2461
561	3667
561	1832
561	3535
561	3667
561	3326
562	3227
562	1467
562	2606
563	180
563	4175
563	4174
563	256
563	3681
563	290
563	2568
563	844
563	3937
563	3938
563	1884
563	1664
563	1884
563	3938
563	844
563	3937
563	2568
563	1884
563	844
564	4418
564	4417
564	2168
564	875
565	4179
565	4178
565	4177
565	3430
565	2717
565	4176
565	574
565	3430
565	4177
565	4178
565	4179
565	574
565	4176
565	2717
566	2648
566	1260
566	445
566	815
566	2648
566	445
566	1260
566	2235
566	3217
566	1260
566	2235
566	2713
566	2713
566	445
567	607
567	1919
568	3039
568	3849
568	1680
568	2588
568	1562
568	2073
568	3648
568	3648
568	2588
568	1680
568	3039
569	1604
569	2033
569	2420
569	1653
570	3462
570	3500
570	196
570	1457
570	3850
571	2180
571	1701
571	3240
571	517
572	2679
572	681
572	3054
572	640
572	100
572	631
572	2348
573	1922
573	1931
573	115
573	443
573	3398
573	3182
574	484
574	2163
574	2265
574	2325
574	484
574	2163
574	2265
574	4181
574	2325
574	4180
575	945
575	3600
575	1789
576	2356
576	448
576	1285
576	2356
576	2472
576	448
576	1863
576	1285
576	2356
576	2472
576	448
577	330
577	743
577	1645
577	2518
577	2672
577	3851
577	197
577	2672
577	2518
577	743
577	197
577	3851
577	2518
577	2672
577	743
577	330
578	796
578	858
578	796
578	2662
579	1773
579	3619
579	3852
579	1854
579	1487
579	1916
579	1803
579	1487
579	1773
580	2107
580	2749
580	3135
580	1704
580	2553
581	4183
581	2895
581	4182
581	1207
581	1463
582	199
582	3453
582	3489
582	2993
582	179
582	787
582	3350
582	199
582	3453
582	3489
582	2993
582	179
582	787
582	3350
583	1227
583	3269
583	964
583	696
583	3005
584	583
584	330
584	1117
584	3854
584	3853
584	583
584	330
584	1117
584	3854
585	2022
585	3302
586	928
586	2937
586	2920
586	207
586	982
586	2920
586	982
586	2937
586	928
586	982
586	2937
586	3372
586	1762
587	43
587	3378
587	3130
587	1778
587	1802
587	618
587	2644
587	43
587	3378
587	3130
587	1778
588	2773
588	320
588	2225
589	3640
589	998
589	3640
589	998
589	3856
589	469
589	1016
589	2212
589	3855
590	1710
590	1258
590	2569
590	1564
590	2518
590	1688
590	221
590	1710
590	1258
590	2569
590	1564
590	2518
590	1688
590	221
591	1779
591	3247
591	4184
591	4185
591	2940
591	3298
591	4186
592	2444
592	2025
592	1540
592	2928
592	1987
592	433
592	2444
592	2025
592	1540
592	2928
593	4188
593	4187
593	4188
593	4187
594	3347
594	1436
594	3347
594	1835
594	590
594	1436
594	1147
594	1432
594	1835
594	590
595	3563
595	2354
595	3857
595	3858
595	3148
595	3311
596	3264
596	895
597	124
597	491
597	1402
597	2362
597	491
597	1402
598	3061
598	938
598	672
598	1914
598	2111
598	138
598	1315
599	4420
599	1793
599	1337
599	2433
599	4419
600	1976
600	169
600	3286
600	972
600	3646
600	103
600	2144
600	1976
600	103
601	1076
601	1366
602	2353
602	2633
602	3512
602	3011
602	3011
602	2075
603	1525
603	724
603	3542
603	507
603	1400
603	997
603	1955
604	2549
604	2042
605	3499
605	113
605	3268
605	2220
605	2423
606	3859
606	2086
606	3131
606	3860
606	3333
606	2150
606	3861
606	3861
606	2150
606	3333
606	2086
606	3859
606	3860
606	3131
607	2886
607	2189
607	330
607	520
607	3645
607	1932
607	3510
607	1932
607	3645
607	520
607	330
607	2886
608	202
608	77
608	657
608	202
608	77
608	657
609	3864
609	3863
609	2260
609	562
609	3862
609	2412
609	562
609	3862
610	3331
610	1240
610	3423
610	1979
610	3086
610	3423
610	1240
610	3331
610	511
610	2173
611	3159
611	23
611	3466
611	463
612	3422
612	3656
612	3656
612	3422
612	1908
612	3865
612	3866
612	3867
612	259
612	259
612	3867
612	3866
612	1908
612	3867
612	3866
613	227
613	1867
613	2808
613	2136
614	1980
614	1352
614	1454
614	3016
614	40
614	1974
614	3683
614	3683
614	40
614	3016
615	4425
615	4424
615	4423
615	4422
615	4421
615	2331
616	2317
616	4189
616	218
616	1890
616	4189
616	1892
617	1810
617	4190
617	1806
617	344
617	2816
617	461
617	2311
618	1311
618	2788
618	3022
618	2098
618	2751
618	2141
618	1311
618	2788
618	3022
619	2614
619	2021
619	3276
619	1754
619	3868
619	2554
619	3276
619	1725
619	2021
619	3868
620	1825
620	2823
620	3869
620	2898
620	3417
620	1593
620	1214
621	3144
621	3191
621	2492
621	695
621	2683
621	2712
621	3175
621	3175
621	2712
621	2492
621	2683
621	3191
621	695
621	3144
622	2058
622	1847
622	1620
622	3404
622	2058
622	1847
622	1620
622	3404
622	1219
622	2058
622	784
622	1847
622	1620
623	1134
623	1731
623	132
623	1046
623	2603
623	1882
623	1731
624	2765
624	1581
624	2932
624	1189
624	2593
624	86
624	449
625	3612
625	3110
625	1970
625	163
626	941
626	3870
626	3871
626	363
626	3872
626	446
626	532
626	363
626	3870
626	532
626	446
626	363
626	3870
626	941
627	1020
627	2830
627	4426
627	2890
628	2980
628	621
628	426
628	426
628	573
628	1724
628	342
628	761
628	621
628	2980
628	342
628	573
629	4427
629	540
630	1112
630	3874
630	3873
630	2335
630	3874
630	803
631	3098
631	2473
631	4191
631	3098
631	3537
631	1900
631	1468
631	4191
632	1533
632	2378
633	2772
633	88
633	1813
633	464
634	3206
634	2563
634	3299
634	704
634	2091
634	704
635	1155
635	1644
635	610
635	1617
635	4192
635	2201
635	610
635	322
636	2242
636	3426
636	2242
636	1626
636	1329
636	3426
636	1626
636	1329
637	4428
637	1622
637	128
637	3001
638	324
638	1755
638	324
638	1755
639	1702
639	427
639	3161
639	2200
639	1204
639	1660
640	4195
640	851
640	4099
640	4194
640	4193
640	4099
640	4193
641	4429
641	2361
641	2011
641	2583
642	3584
642	955
642	1918
642	1992
642	3632
643	1676
643	3242
643	2119
643	3875
643	225
643	3464
643	1742
644	834
644	4431
644	3007
644	4430
644	78
644	154
645	1752
645	8
646	1146
646	799
646	1517
646	3482
646	1802
646	799
646	1146
646	1226
646	2402
647	757
647	2203
647	217
647	2700
647	847
647	1362
647	2697
648	2530
648	41
648	2680
648	1300
648	408
648	292
648	1788
649	653
649	2165
649	2893
649	2165
649	1339
650	2543
650	3548
650	1988
650	2543
650	3548
651	3876
651	1592
651	1600
651	725
651	1461
651	3877
651	1449
652	869
652	1819
653	399
653	2047
653	2926
653	2448
654	4433
654	4432
655	1961
655	2513
655	3522
655	1961
655	2513
656	1836
656	2809
656	3654
656	1836
656	2809
656	34
656	2154
656	34
656	1414
656	2154
657	1476
657	2973
657	2836
657	2081
657	3507
657	2750
658	1138
658	473
658	1019
658	483
658	2532
659	3049
659	1852
659	3577
659	3450
659	4196
659	96
659	1631
659	3577
659	1631
659	1852
659	3049
659	96
659	4196
659	3450
660	3879
660	2103
660	3878
660	1447
661	1891
661	3880
661	3205
661	2969
661	617
661	959
661	3880
661	2969
661	617
661	1891
661	3205
661	959
661	617
661	2656
661	2969
661	3205
661	3880
661	1891
662	2896
662	4199
662	1596
662	1602
662	4197
662	3334
662	4198
662	4199
662	4197
663	1555
663	1519
663	94
664	930
664	2392
664	3653
664	2625
664	3396
665	1965
665	144
665	2134
665	783
665	2514
665	3539
665	4200
665	4200
665	3539
665	2514
665	783
665	2134
665	144
665	1965
666	1101
666	2803
666	1323
666	1264
666	2020
666	2132
666	2093
666	1323
666	2803
667	1190
667	3680
668	2169
668	1033
668	2689
668	3126
668	3237
668	4201
668	4202
668	2169
668	1033
668	2689
668	3126
668	3237
668	4201
668	4202
669	2078
669	2769
669	236
670	1849
670	71
670	3651
670	1563
670	4204
670	4203
670	2897
671	1283
671	1015
671	1522
671	776
671	1614
671	3528
671	2649
671	3528
671	776
671	1522
671	1015
671	1283
672	2451
672	421
672	4434
672	285
673	598
673	440
673	3881
673	728
673	929
673	1687
673	2038
673	728
673	3881
673	598
674	840
674	3414
674	1901
674	165
674	4205
674	1663
674	840
674	1901
674	165
675	2170
675	3882
675	3204
675	3883
675	3884
675	3885
675	3687
675	3886
676	4206
676	3610
676	428
676	1926
676	6
677	3139
677	667
677	2031
677	375
677	884
677	1270
677	616
677	712
677	616
677	375
677	2031
677	667
677	3139
678	2441
678	2303
678	4362
678	1885
678	467
678	1927
679	2812
679	1154
679	3543
680	1405
680	3178
680	2135
680	542
680	664
681	213
681	1764
681	1868
682	3265
682	3887
682	2195
682	1439
682	90
682	1053
682	2665
682	486
682	2665
682	1053
682	90
682	3265
683	1728
683	139
683	2294
683	4207
683	2193
683	139
683	1728
683	1975
683	2450
683	1933
683	1933
683	2450
683	1975
683	2193
683	4207
683	2294
684	1429
684	4209
684	4208
684	398
684	1429
684	4209
684	4208
684	4210
684	1877
684	3534
685	4211
685	2036
685	2149
685	366
685	2035
685	3339
685	1416
685	366
685	2035
685	1416
685	3002
686	3465
686	3106
686	3576
686	1334
686	3050
687	3570
687	4212
687	2641
687	3570
687	4212
687	2674
687	687
688	2128
688	2019
688	1987
688	2128
688	2019
688	1094
688	2524
688	191
688	961
688	3574
689	2342
689	4213
689	430
689	4215
689	4214
689	316
689	818
689	430
689	4214
690	768
690	3888
690	2062
691	1387
691	2874
692	2115
692	1136
692	2770
692	3410
692	2387
693	1044
693	1124
693	1941
693	3445
694	3377
694	2236
694	4219
694	4218
694	4217
694	3509
694	3620
694	4216
694	4219
694	4218
694	4217
694	3509
694	4216
695	343
695	3451
695	2651
695	4220
695	3405
695	1244
696	833
696	1100
696	833
696	2586
696	1100
696	2795
696	2268
696	3113
696	340
697	3890
697	3095
697	1143
697	1775
697	3889
697	1143
697	3321
697	3890
698	3094
698	1241
698	1241
698	651
698	2292
698	2026
698	1530
698	3094
698	2223
698	1772
699	3153
699	2777
699	307
699	3892
699	3891
699	793
699	943
699	3660
699	3153
699	2777
699	307
699	3892
699	943
699	307
699	3892
699	3891
699	943
700	130
700	3117
700	171
700	141
700	2323
701	1072
701	2557
701	3015
701	939
701	2961
702	2970
702	219
702	195
702	2531
703	1152
703	3323
703	717
703	3323
703	1490
703	1391
703	717
704	986
704	1176
704	1341
704	2552
704	1176
704	791
704	2953
704	1424
704	986
704	371
704	1176
704	2552
704	1341
704	2552
704	1341
705	3541
705	2666
705	23
705	2338
705	2366
705	3541
706	940
706	1717
706	1376
706	1606
706	1893
706	940
706	1717
706	1376
706	1606
707	3633
707	2070
707	441
707	1216
707	872
707	4222
707	872
707	4221
707	3496
708	2904
708	1776
708	7
708	1559
708	1700
708	1838
708	2365
708	2904
708	1700
708	7
708	1870
709	4225
709	4224
709	4223
709	1698
709	1915
709	4225
709	4224
709	4223
709	1299
710	2605
710	1857
710	2825
710	2486
711	3084
711	1418
711	1464
711	4226
711	1464
711	4226
711	2882
711	438
711	1008
712	2520
712	2488
712	2669
712	2366
712	2034
712	3495
712	1855
712	1057
713	2339
713	3219
713	2682
713	192
713	1247
713	1314
713	4228
713	4227
713	1247
713	1314
713	4228
713	4227
714	1516
714	2152
715	3898
715	1267
715	477
715	3897
715	3896
715	3895
715	3894
715	3893
715	3893
715	3894
715	3895
715	3896
715	3897
715	477
715	1267
715	3898
715	3898
715	1267
715	477
715	3896
715	3895
715	3894
715	3893
716	2421
716	1240
716	3669
716	2856
716	2643
716	1240
716	3669
716	2856
717	4230
717	4229
717	830
717	374
717	112
718	1790
718	1543
718	579
718	174
719	782
719	260
719	4231
719	646
719	3271
719	3108
719	1425
719	2352
720	843
720	596
720	7
720	671
720	2372
720	2924
720	671
720	7
721	648
721	2768
721	3899
721	1306
721	1165
722	1639
722	1750
722	680
722	3355
722	1371
722	92
722	2298
722	569
722	569
722	3355
722	92
722	680
723	3901
723	2191
723	1903
723	3260
723	1330
723	3900
723	3260
723	1330
723	3900
724	4364
724	1183
724	2164
724	4363
724	3083
724	2243
725	2758
725	347
725	3060
725	142
725	1120
725	147
725	1889
725	894
725	1889
725	147
725	894
725	1120
725	347
726	293
726	278
726	1422
726	3902
726	3903
726	2609
726	1422
726	3903
726	3902
726	216
726	2609
727	3303
727	2016
727	1381
727	349
728	1372
728	3365
728	212
728	364
728	1237
728	1266
729	161
729	744
729	161
729	744
729	2213
729	1364
729	1364
729	2213
729	3904
729	744
729	1524
729	1938
729	3189
729	161
730	788
730	1318
730	2259
730	459
730	742
730	788
730	459
731	4233
731	4232
731	2262
732	2780
732	327
732	3906
732	3059
732	3905
732	682
732	2830
732	2830
732	682
732	3905
732	3059
732	3906
732	327
732	2780
732	3615
733	3907
733	1536
733	1048
733	1716
733	2333
733	3196
733	3907
733	2333
733	1536
733	146
733	3196
733	1048
733	1716
734	3209
734	970
734	606
734	2667
735	4435
735	544
735	2087
735	3118
735	407
736	2653
736	2742
736	1918
736	763
736	2057
736	1547
736	3908
736	1950
736	3908
736	1918
737	3909
737	252
737	3911
737	1587
737	252
737	3909
737	2684
737	2598
737	1587
737	3910
737	3053
737	3911
738	383
738	2999
738	2831
738	3434
738	845
738	925
738	925
738	845
738	3434
738	1304
738	2831
738	1272
738	2999
738	383
738	1272
738	3434
739	2106
739	1801
739	2987
739	2802
739	1801
740	3040
740	599
740	927
740	1624
740	3618
740	3221
740	1083
740	3520
740	3221
740	3618
740	927
740	599
740	3040
741	4234
741	1346
741	1059
741	897
741	1059
741	2664
741	4234
742	1495
742	2481
742	3690
742	462
743	4437
743	2985
743	2636
743	3590
743	4436
743	2306
743	10
744	4366
744	4365
744	490
744	1137
744	975
744	3376
744	999
745	4367
745	773
745	811
746	1354
746	1488
746	1456
746	224
746	286
746	1582
746	1141
746	1458
746	1458
746	1141
746	1582
746	224
746	1456
746	1488
747	2670
747	3452
747	1921
747	2595
747	2670
747	3452
748	181
748	4235
748	4238
748	4237
748	4236
749	898
749	188
749	1898
750	1258
750	3914
750	3912
750	3291
750	3914
750	3913
750	3912
750	3601
750	3914
750	3913
751	1305
751	334
751	1781
751	3164
751	3915
751	1690
751	36
751	3916
751	3916
751	3164
751	1781
751	334
751	1305
751	36
751	3915
751	3164
752	1066
752	3470
752	2508
752	3520
752	1066
752	1369
752	548
752	3470
753	2389
753	3582
753	1069
753	2536
753	2389
753	3582
753	1069
753	2536
754	915
754	1541
754	915
754	752
754	685
754	2155
754	1850
754	1541
755	2357
755	1403
755	15
755	318
756	3918
756	2188
756	3917
756	3216
756	1981
757	2465
757	1321
757	1016
757	3125
757	3283
757	2465
757	1321
757	3125
757	3283
757	701
757	2465
757	1321
757	2296
757	219
757	1016
758	3519
758	2220
758	291
758	1841
758	279
758	924
758	63
758	291
759	373
759	1749
759	425
759	373
759	1749
759	425
759	3921
759	3920
759	1307
759	3919
759	425
759	3919
759	1307
759	3920
759	203
759	1749
759	3921
759	373
759	3921
759	1307
760	495
760	741
760	3030
760	59
761	311
761	3481
761	76
761	3922
761	1746
761	2754
761	1491
761	2754
761	3922
761	1746
761	76
761	3481
761	3923
761	311
762	1235
762	481
762	3261
762	2436
763	2463
763	3924
763	1363
763	1904
763	2805
763	777
763	1257
763	3925
764	746
764	1088
764	129
764	589
764	978
764	3926
765	190
765	3425
765	3359
765	2968
765	300
766	4438
766	1157
766	2406
767	3257
767	414
767	952
767	2909
767	352
767	3257
767	163
767	414
767	21
767	166
767	163
767	166
768	4371
768	4370
768	3360
768	591
768	4369
768	2151
768	4368
768	2845
769	1109
769	186
769	499
769	767
769	1811
769	4239
770	1920
770	1203
770	3401
770	2556
770	1677
770	348
770	800
770	2779
770	348
770	800
770	2779
771	2604
771	608
771	2756
771	2789
771	3662
771	2756
771	2745
771	3662
771	2789
771	1087
771	553
771	2745
771	2756
771	608
771	2604
772	119
772	3403
772	3930
772	3929
772	3928
772	3927
772	3929
772	3928
772	3927
773	3683
773	740
773	1032
773	3683
773	740
773	1032
773	281
773	2459
774	4446
774	4445
774	4444
774	4443
774	4442
774	4441
774	4440
774	4439
775	3092
775	2801
775	1090
775	1133
775	2696
775	2334
775	2211
775	2120
776	267
776	1399
776	3625
776	3931
776	819
776	3932
776	372
776	2109
776	3933
776	3933
776	3932
776	3625
776	3931
776	267
777	1923
777	1954
777	4240
777	1758
777	1924
777	4241
777	4242
777	2153
777	1178
777	1924
777	1758
777	4240
777	1954
777	1178
777	4241
778	551
778	379
778	418
778	2337
778	3284
779	3536
779	3407
779	1648
779	923
779	2933
779	1613
779	3536
779	1435
779	3407
779	1648
779	923
780	3934
780	2650
780	2650
780	3571
780	3034
780	3362
780	2055
780	794
780	3121
780	351
780	3934
780	351
780	794
780	2055
780	3034
780	3571
781	4245
781	633
781	4245
781	633
781	2655
781	3443
781	4244
781	4243
782	4246
782	2723
782	3187
782	465
782	3201
782	222
782	3483
782	2723
782	3187
783	3472
783	66
783	2505
783	1508
783	744
783	2418
783	2505
783	1508
783	744
784	4251
784	4250
784	276
784	1542
784	4247
784	3300
784	4248
784	1151
784	4249
784	4250
784	4251
784	3300
784	4247
784	1542
784	4251
784	4250
784	4249
784	1151
785	3225
785	3936
785	302
785	172
785	3689
785	2276
785	3935
785	994
786	4373
786	2404
786	4372
786	1674
786	2630
786	2719
786	3202
786	3673
786	2921
787	63
787	2519
787	2305
787	866
787	1142
787	1842
787	63
787	2519
787	2305
787	866
787	1142
787	1842
788	3255
788	1481
788	2112
788	54
788	1557
788	629
788	1557
788	2112
788	1481
788	2234
788	1253
788	54
788	328
788	3255
789	4375
789	1726
789	4374
789	2466
789	950
789	2628
789	3436
790	3078
790	4252
790	3184
790	4253
790	1912
790	1633
790	3530
790	825
791	1218
791	3939
791	2364
791	1406
791	2123
791	3940
791	1911
791	3177
791	3171
791	3171
791	1911
791	1406
791	2123
791	2364
791	3939
791	1218
792	253
792	3567
792	3364
792	3287
792	1221
792	3941
792	2714
792	911
792	1571
793	2817
793	2936
793	3942
793	2746
793	2817
793	3644
793	3943
793	2936
793	2817
793	3644
793	1896
793	2746
793	3942
793	2511
793	2936
793	3494
793	3943
793	3644
793	2817
794	2541
794	873
794	2054
794	2058
794	1210
794	1656
794	1493
794	264
794	2657
794	873
794	2541
795	3471
795	3945
795	25
795	3471
795	3945
795	25
795	1349
795	3944
795	1349
795	3154
795	1349
795	778
795	3944
795	1737
796	4254
796	1239
796	2569
796	2430
796	2424
796	4254
796	1239
796	208
796	2569
796	2430
796	2244
796	2424
797	2587
797	1123
797	3946
797	1515
797	2248
797	1375
797	3354
797	1515
797	759
797	3946
797	101
797	1123
797	2587
798	2931
798	3057
799	4447
799	916
799	2129
799	4448
799	1780
800	2764
800	75
800	215
800	262
800	4255
801	1533
801	1798
801	1291
802	1501
802	854
802	749
802	4257
802	4256
802	3591
802	3046
802	3375
802	303
802	1501
802	854
802	4257
802	4256
802	3591
803	3628
803	2715
803	2185
803	1686
803	3628
803	1397
803	1344
803	1397
804	1086
804	4258
805	1197
805	857
805	4259
805	993
806	4379
806	4378
806	958
806	4377
806	2068
806	4376
806	3448
806	2274
806	3468
807	3579
807	382
807	887
807	1175
807	1489
807	2328
807	983
807	2475
807	1114
807	3579
807	382
807	887
807	1175
807	1489
807	2328
807	983
807	2475
807	1114
808	2620
808	150
808	3947
808	1831
808	1503
808	1821
809	3045
809	1269
809	880
810	145
810	4260
810	2332
810	747
810	2429
810	3295
810	4261
810	2828
810	2806
811	913
811	3026
811	1128
811	913
811	4263
811	3026
811	1128
811	4262
812	4264
812	2001
812	829
812	250
812	1108
812	692
812	4264
812	2001
812	829
812	250
812	1108
812	692
812	2209
812	3685
813	3371
813	1282
813	3675
813	3165
813	1065
813	861
814	3501
814	3492
814	3274
814	3568
814	3190
814	2635
814	3948
814	784
814	3024
815	1947
815	3281
815	3223
815	4266
815	904
815	4265
815	4268
815	4267
815	4265
815	904
815	4266
815	1939
815	4267
815	3223
815	4268
815	3281
815	1947
816	871
816	3337
816	3213
816	2962
816	2110
816	2577
816	3564
816	871
816	3337
816	3213
816	2962
816	2110
816	2577
816	3564
816	871
816	3337
816	3213
816	2110
816	2577
816	3564
816	1637
816	4269
817	705
817	850
817	3952
817	3079
817	3951
817	3949
817	3951
817	3949
817	705
817	850
817	3952
817	3079
817	2287
817	3950
818	1202
818	1861
818	107
818	942
818	4270
818	3288
818	1722
818	1202
818	1861
818	942
818	107
818	1722
819	1709
819	3551
819	4381
819	1699
819	2629
819	4380
819	2089
820	2862
820	1679
820	1355
820	2971
821	736
821	4450
821	4449
821	1451
821	842
822	93
822	3953
822	3953
822	2192
822	3954
822	588
822	93
822	1158
822	2709
822	675
822	155
822	155
822	2709
822	588
822	3954
822	2192
823	3444
823	2005
823	3463
823	2044
823	3549
823	376
823	1936
823	2221
824	900
824	905
824	332
824	2640
824	3599
824	237
824	554
824	900
824	332
824	2431
824	2640
824	2431
824	3599
824	554
825	361
825	2051
825	3598
825	2996
825	3250
825	265
825	2426
825	3143
825	2804
825	2426
825	2996
825	3143
825	361
826	1565
826	3137
826	1217
826	3176
826	2905
826	512
826	3621
826	1929
827	2885
827	917
827	3357
828	641
828	3338
828	81
828	3955
828	69
828	3280
828	3956
828	1302
828	3957
828	3280
828	69
828	3955
828	81
828	3338
828	641
829	2692
829	1953
829	1510
829	2176
829	4451
829	874
830	2384
830	3234
830	3127
830	1238
830	1669
830	3958
830	2386
830	2245
830	623
830	623
830	2245
830	2386
831	1386
831	444
831	2949
831	2669
831	1818
831	3511
831	444
831	2174
832	4273
832	3490
832	4273
832	3490
832	4271
832	4272
832	2998
832	239
832	2827
832	729
833	381
833	2759
833	2855
833	2955
833	2759
833	2955
833	381
833	2759
833	2855
833	2955
833	1404
834	4274
834	1740
834	1335
834	3846
834	2677
834	2844
834	4
834	2677
834	2108
834	2844
834	4
834	2677
834	4274
834	1335
834	539
834	2844
834	4
834	3846
835	2499
835	2014
835	3179
835	468
835	2847
835	1824
835	1683
835	1059
835	1059
835	1683
835	468
835	1724
835	1824
835	3179
835	2014
835	2499
835	2847
836	801
836	22
836	111
836	3251
836	2261
836	2613
836	1271
836	2253
837	3228
837	2596
837	1085
837	3960
837	1292
837	1482
837	3959
838	870
838	3031
838	2790
838	3235
838	3962
838	2983
838	3961
839	1179
839	135
839	3965
839	1583
839	380
839	3559
839	135
839	3965
839	1583
839	2065
839	3964
839	3963
840	1655
840	1097
840	4453
840	4452
840	3185
840	1655
840	472
840	3136
841	1245
841	677
842	2341
842	2347
842	1730
842	423
843	4277
843	865
843	4277
843	865
843	4276
843	4275
843	1784
844	1445
844	1497
844	1809
844	710
844	354
844	125
845	552
845	3966
845	1420
845	1856
845	3967
845	552
845	3966
845	2578
845	2484
845	1420
845	1856
845	1625
845	3967
845	552
845	3966
845	2578
845	2484
845	1420
845	1856
845	2578
845	2484
846	3594
846	976
846	3970
846	3969
846	3180
846	3968
847	2506
847	3072
847	206
847	2355
847	3224
847	550
847	2230
847	809
847	809
847	2230
847	550
847	3224
847	2355
847	206
847	1733
847	3072
847	2506
848	2369
848	4278
848	1383
848	3508
848	424
848	2718
848	2369
848	2729
848	4278
848	1383
848	3508
848	424
848	2369
848	1383
848	3508
848	424
849	4458
849	1180
849	4457
849	4454
849	1224
849	4456
849	4455
850	613
850	2249
850	3972
850	543
850	2871
850	1234
850	3971
850	274
850	543
850	274
850	3971
850	3167
850	3972
850	2249
850	613
850	1234
850	2871
850	2871
850	1234
850	613
850	2249
850	3972
850	3971
850	274
850	543
851	967
851	1922
851	3395
851	1081
851	967
851	3390
851	2447
851	3395
851	2799
851	561
852	835
852	558
853	4382
853	2781
853	2293
853	3595
853	3073
853	1659
853	189
853	3518
854	2623
854	434
854	2232
854	2203
854	434
854	3132
854	2067
854	2956
854	2232
854	2203
854	51
854	326
855	2570
855	2964
855	297
855	2002
855	2574
855	3973
856	4463
856	4462
856	4461
856	4460
856	4459
857	926
857	1064
857	2734
857	3974
857	228
857	2027
857	1995
857	356
857	3975
857	2734
857	1064
857	3975
857	926
858	4279
858	3391
858	932
858	3212
858	1962
858	99
858	48
858	2521
858	1907
858	4279
858	932
858	3212
859	2678
859	3411
859	780
859	400
859	3327
859	3412
860	691
860	1815
860	3514
860	1967
860	2617
861	3349
861	1122
861	2045
861	3091
861	2646
861	3976
861	944
861	3977
861	2482
862	1917
862	1640
862	1712
862	612
862	4280
862	2550
862	600
862	3627
862	2396
862	2550
862	600
862	2396
863	3437
863	3978
863	1003
863	2716
863	810
863	1236
863	560
863	3979
863	2787
863	3978
863	1003
863	2716
863	560
864	2762
864	630
864	2762
864	630
864	1393
864	1170
864	4281
864	1080
864	1652
865	1419
865	2776
865	2422
865	3138
865	2290
865	312
865	3320
865	2834
865	2776
865	3980
865	312
865	2290
865	3138
865	1419
865	2834
865	3320
865	2422
866	1466
866	1783
866	764
866	27
866	2972
866	1534
866	2576
866	764
866	3981
866	27
867	4282
867	2784
867	3052
867	826
867	317
867	4283
867	1345
867	4284
867	1514
867	1514
867	4284
867	1345
867	4283
867	3052
867	826
867	2784
867	4282
868	3986
868	3417
868	3985
868	1814
868	3984
868	2291
868	3983
868	3982
868	416
868	3986
868	3982
868	416
869	1021
869	4285
869	3259
869	622
869	1262
869	1782
869	4286
869	1021
869	4285
869	3259
869	690
869	622
869	1262
869	1782
870	3676
870	3987
870	3655
870	1521
870	1590
870	2245
870	973
870	973
870	1590
870	1521
870	3655
870	3987
870	3676
870	2245
870	920
870	3988
870	2775
871	1394
871	3012
871	2819
871	3990
871	2846
871	158
871	1091
871	2819
871	3990
871	2846
871	158
871	2860
871	3989
872	1379
872	647
872	3605
872	2076
872	3174
872	3605
872	3174
872	1872
872	3032
872	1872
872	1906
872	3032
872	3461
872	1446
873	2281
873	275
873	1734
873	3991
873	232
873	3992
873	3993
873	3994
873	706
873	3995
874	2724
874	2906
875	1444
875	4464
875	3006
875	2752
876	3056
876	288
876	1748
876	3630
876	3056
876	288
876	1748
876	1707
876	49
876	3630
876	3429
876	3630
876	288
876	452
877	4295
877	2951
877	4294
877	4293
877	4292
877	4291
877	4290
877	4289
877	4288
877	4287
878	3356
878	4297
878	802
878	2686
878	2083
878	3603
878	1319
878	4296
878	1977
878	2083
878	1049
878	2686
878	1977
878	802
878	4296
878	4297
878	1319
878	3603
878	3356
879	3998
879	3997
879	3996
879	3524
879	822
879	3014
879	3305
879	556
879	3385
879	3385
879	556
879	114
879	3305
879	3014
879	3996
879	3997
879	822
879	3524
879	3998
880	2079
880	2320
880	2420
880	478
881	238
881	2619
881	1862
881	3999
881	2957
882	4300
882	4299
882	2405
882	4298
883	697
883	2
883	4000
883	1684
883	3020
883	806
883	4001
883	688
883	2510
883	4002
883	697
883	2
883	4000
883	1684
883	3020
883	806
883	4001
883	688
883	2510
883	4002
884	212
884	1194
884	1528
884	2043
884	2043
884	3020
884	1528
884	1194
884	2137
884	84
884	212
884	1588
884	2348
884	2457
885	345
885	696
885	1549
885	2721
885	786
885	44
885	3486
885	345
885	3486
885	1549
885	2721
885	44
886	2647
886	3494
886	2216
886	1670
886	1800
886	2647
886	3494
886	2216
886	654
886	536
886	2935
886	1670
886	1800
886	4003
886	2408
887	4004
887	1181
887	1215
887	3685
887	3021
887	3677
887	53
887	2239
887	497
888	2850
888	2509
888	1417
888	2783
888	1895
888	4007
888	4006
888	4005
888	804
888	1028
889	1591
889	594
889	4302
889	937
889	4301
889	1045
889	594
889	4302
890	1011
890	1839
890	183
890	3533
890	1009
890	2345
890	501
890	1054
890	4465
891	4303
891	1343
891	1411
891	4304
891	592
891	1537
891	2542
891	745
891	2542
891	745
892	896
892	1398
892	437
892	3688
892	28
892	3527
892	437
892	3688
892	2592
893	1845
893	61
893	168
893	4383
893	4384
893	1957
894	1438
894	32
894	3308
894	3363
895	2053
895	1599
895	4386
895	2252
895	3623
895	2238
895	2726
895	4385
896	3087
896	4469
896	4468
896	1359
896	4467
896	1118
896	4466
896	2923
897	2210
897	1255
897	1853
897	3460
897	1720
897	831
897	602
897	3521
897	4305
897	4306
897	3521
897	602
897	1720
897	3460
897	1853
898	1964
898	4309
898	572
898	4308
898	4307
898	1964
898	4309
898	572
898	4307
898	1426
898	2875
899	2399
899	2963
899	646
899	974
899	646
899	974
899	85
899	1822
899	702
900	2116
900	529
900	1621
900	2158
900	3449
900	2624
900	516
900	3151
900	2
901	299
901	1068
901	892
901	287
902	1258
902	2986
902	1479
902	3580
902	2518
902	3089
902	2569
902	2981
902	1258
902	2986
902	1479
902	3580
902	2518
902	3089
902	2981
903	2147
903	2246
903	2307
903	1374
903	2477
903	2066
903	396
903	4470
904	1662
904	4310
904	1502
904	1697
904	1807
904	394
904	703
904	2318
904	1000
904	638
904	638
904	1000
904	2318
904	703
904	1502
904	1662
904	1807
904	4310
904	394
904	1807
905	1512
905	2864
905	2858
905	4010
905	4009
905	4008
905	2792
905	2858
905	669
905	2864
905	1632
905	1512
905	4008
905	889
905	4009
905	4010
906	2285
906	2748
906	4011
906	3383
906	1201
906	1743
906	2725
906	1389
906	1743
906	4011
906	3252
906	2748
906	2285
906	1201
906	1389
906	3383
906	2725
906	2366
907	419
907	37
907	4312
907	4311
908	4315
908	709
908	282
908	31
908	4313
908	98
908	31
908	4314
908	4313
909	1106
909	4471
909	859
909	1039
910	3631
910	3037
910	2632
910	1769
910	2322
910	698
910	1312
910	3641
910	698
910	1312
910	3641
910	2322
910	1769
910	2632
910	3641
910	2263
910	1312
910	698
910	3037
910	4012
910	3631
910	3631
910	2632
910	1769
910	2322
911	388
911	2391
911	131
911	565
911	2391
911	2888
911	1695
912	3119
912	1173
913	1074
913	2092
913	121
913	1074
913	2092
913	121
913	2517
913	359
913	2092
913	2517
913	359
913	1760
913	3386
913	2757
914	3516
914	1666
914	2358
915	4014
915	2671
915	4013
915	1767
915	2791
916	4474
916	4472
916	4473
916	360
916	907
917	733
917	1604
917	4316
917	1604
917	881
917	4316
918	4477
918	571
918	4475
918	1629
918	4476
918	1191
919	1873
919	3010
919	1607
919	3459
919	1607
919	2434
919	3459
919	2434
919	2740
919	3150
920	1060
920	485
920	1388
920	1296
920	3170
920	2560
921	2673
921	2832
921	3659
921	528
921	1824
921	2569
921	1336
921	1063
921	504
921	1452
921	504
921	1336
921	1824
921	2673
922	1696
922	3544
922	2901
922	241
922	3253
922	4015
922	3314
922	3310
922	1619
922	555
922	555
922	3314
922	4015
922	3253
922	2901
922	1696
923	789
923	4016
923	404
923	662
923	4016
923	2064
923	935
923	662
923	1711
923	789
923	4017
923	1745
923	404
923	1311
924	4317
924	2074
924	2826
924	3596
924	1527
924	2074
924	4317
924	4318
924	4319
924	3301
924	1673
924	2286
924	2286
924	2826
925	3014
925	266
925	3686
925	951
925	1442
925	721
925	3686
925	951
926	2913
926	3251
926	2349
926	1949
926	1459
926	1199
926	2989
926	1004
926	2579
927	3550
927	3341
927	4479
927	4478
928	511
928	2652
928	3381
928	522
928	2535
929	3502
929	4018
929	988
929	1866
929	4019
929	1470
930	3378
930	3484
930	2114
930	519
930	3604
930	1377
930	2627
931	2995
931	2439
931	1333
931	3070
931	277
931	277
931	3070
931	1107
931	2942
931	2965
931	1333
931	1945
931	1223
931	2439
931	2995
932	2419
932	1554
932	3081
932	1603
932	2371
932	14
932	450
932	14
932	1554
932	2419
932	2371
932	1603
932	2590
932	3081
932	3415
932	255
933	415
933	808
933	2494
933	1492
934	1472
934	1225
935	4022
935	4021
935	4021
935	4020
935	3203
935	4022
935	1651
935	3428
935	4020
935	4021
935	4022
935	3203
935	4023
935	3645
935	2258
935	3307
936	3476
936	2980
936	1273
936	2980
936	2694
936	969
936	3392
936	2675
936	3402
936	1208
936	3476
936	471
936	471
936	3402
936	2675
936	1273
936	3476
936	2980
936	3402
936	2675
936	3392
936	969
937	828
937	771
937	2428
937	3222
937	4024
937	2381
937	1550
937	1135
937	1986
937	2128
937	1135
937	2128
938	1732
938	3475
938	3634
938	1713
939	4480
939	1093
939	775
939	2639
940	1017
940	457
940	2840
940	1498
940	1747
941	321
941	4025
941	3017
941	587
941	587
941	2865
942	3318
942	4483
942	4482
942	4481
942	557
942	3215
942	1014
943	3172
943	234
943	4320
943	4323
943	4322
943	4321
944	1478
944	2350
944	1037
944	2101
944	3506
944	1478
944	2350
944	3506
944	1230
944	47
945	1601
945	1184
945	2854
945	1601
945	1538
945	737
945	2010
945	2927
946	4327
946	367
946	4326
946	4325
946	3309
946	2126
946	3273
946	4324
947	3340
947	3343
947	1585
947	853
947	2974
947	2416
947	2256
947	1082
947	3289
947	117
947	3340
947	3343
947	1585
947	853
947	2974
947	2416
947	2256
947	1082
947	3289
947	117
948	4330
948	4329
948	2990
948	4328
948	1036
948	930
949	2250
949	908
949	4335
949	1795
949	2196
949	4333
949	4332
949	4331
949	2250
949	908
949	1795
949	2196
949	4334
949	4333
949	4332
949	4331
950	513
950	4026
950	3061
950	4026
950	3061
950	4027
950	1579
950	4028
950	1558
950	1321
950	4027
950	1579
951	4486
951	4485
951	3324
951	2017
951	1320
951	823
951	1997
951	4484
952	3532
952	1125
952	2012
952	3532
952	1916
952	2012
952	1594
952	2015
953	19
953	2899
954	2794
954	432
954	1024
954	87
954	2948
954	2299
955	2698
955	2708
955	1162
955	1455
955	3435
955	1612
955	2162
955	4338
955	4337
955	2698
955	2708
955	1162
955	3435
955	2162
955	4338
955	4337
956	3181
956	2282
956	615
956	577
956	723
956	1564
956	723
956	3593
956	2710
956	2302
956	2710
956	2302
956	1564
957	3157
957	3406
957	2316
957	2304
957	1694
958	4030
958	30
958	4029
958	2240
958	3638
959	476
959	2841
959	628
959	3587
959	280
959	1871
959	3353
959	476
959	2841
959	4339
959	628
959	1144
960	1972
960	1423
960	1799
960	832
960	1829
960	832
960	1972
960	1423
960	4031
960	1799
960	1829
960	2413
960	2096
960	1972
960	4032
960	1423
960	1799
961	715
961	886
961	1251
961	684
961	16
961	3248
961	4034
961	3195
961	220
961	4033
962	1477
962	1278
962	1370
962	3438
963	242
963	389
963	4340
963	157
963	4340
963	389
963	3562
963	73
963	863
963	242
963	4341
963	4342
963	4343
963	4343
963	4341
963	73
964	3613
964	3145
964	4344
964	3140
964	839
964	1474
964	2978
964	4345
964	3285
964	860
964	860
964	3285
964	2978
964	1474
964	4344
964	3145
964	3613
