0	2699
0	3297
1	2236
1	1110
2	2330
2	609
2	721
2	2106
2	1036
3	1969
3	3230
4	267
4	3439
5	2558
5	647
6	689
6	170
7	2264
7	2884
8	1312
8	1004
9	971
9	194
10	2159
10	1771
10	546
10	637
10	2904
10	2434
10	2603
10	3304
10	3315
10	2997
11	2994
11	346
12	415
12	36
13	3148
13	794
14	2859
14	1560
15	1545
15	2818
16	483
16	79
17	3091
17	1901
18	3440
18	1089
19	3296
19	3230
20	960
20	205
21	156
21	1496
22	513
22	480
23	1482
23	1597
24	2253
24	1032
25	583
25	741
26	1932
26	2733
27	2476
27	490
28	1480
28	223
29	283
29	3360
30	108
30	292
31	3429
31	710
32	449
32	926
33	1884
33	517
34	637
34	602
35	95
35	1739
36	712
36	2723
37	933
37	3410
38	3570
38	3571
39	2083
39	3255
40	1813
40	2545
41	874
41	3383
42	701
42	565
43	741
43	2681
44	2915
44	914
45	2963
45	3360
46	2472
46	2820
47	3572
47	1562
48	386
48	3189
49	2135
49	2969
49	2023
49	2969
49	2135
50	2007
50	2442
50	2311
51	891
51	2510
51	1975
52	1792
52	3364
52	1939
53	485
53	2257
53	2257
53	3441
53	485
54	486
54	2017
54	880
55	1954
55	523
55	103
55	523
55	1954
56	95
56	189
56	2801
57	966
57	1110
58	1520
58	2177
58	2946
58	2177
58	1520
59	3272
59	94
59	3573
59	3573
59	94
60	900
60	871
60	3574
61	2091
61	2540
61	2374
62	3217
62	937
62	2008
62	2008
62	937
63	1267
63	2851
63	787
63	787
63	1267
64	745
64	3226
64	3226
64	1997
64	745
65	2752
65	1818
65	950
66	1346
66	1925
66	566
67	2662
67	2983
67	1177
68	1086
68	2699
68	328
69	969
69	2533
69	2721
70	1669
70	2889
70	3575
71	761
71	448
71	1622
72	3142
72	3006
72	1013
72	1013
72	3142
73	252
73	2070
73	1740
74	1600
74	2469
74	2063
74	2063
74	1600
75	3192
75	3217
75	3283
75	3283
75	3192
76	181
76	2594
76	2594
76	181
76	487
77	1285
77	314
77	1585
77	314
77	1285
78	2126
78	862
78	1744
79	593
79	729
79	1698
80	2597
80	393
81	1610
81	622
81	323
82	308
82	2495
82	3015
83	1162
83	1036
83	1036
83	388
83	1162
84	2461
84	56
85	2937
85	1153
86	2788
86	2494
87	3102
87	1953
87	1953
87	3102
87	2344
88	2979
88	3181
88	1295
88	3181
88	2979
89	1161
89	1140
89	2666
89	1140
89	1161
90	2642
90	2144
90	2144
90	259
90	2642
91	1830
91	1561
91	860
91	881
91	2037
91	3450
91	3449
91	3448
91	3449
91	3211
91	3450
91	114
91	2716
91	2462
91	1466
91	2775
91	1598
91	3726
91	86
91	3727
91	3122
92	2284
92	1408
92	3576
93	136
93	2865
93	2865
93	2302
94	3079
94	2479
95	1301
95	2186
96	1754
96	127
96	127
96	1754
96	2786
97	1688
97	2627
98	2212
98	3049
99	2681
99	2262
100	556
100	475
100	2851
100	2851
100	475
101	395
101	2906
101	2906
101	395
101	3168
102	2179
102	2782
102	122
103	2528
103	178
103	2353
104	919
104	2594
104	2594
104	919
104	1476
104	2276
104	1443
105	2832
105	2125
105	126
106	3054
106	3713
107	546
107	1061
108	1050
108	2281
108	719
109	1437
109	1812
109	3237
110	332
110	324
110	1926
110	1926
110	324
111	1110
111	3215
112	2768
112	2236
112	388
113	2681
113	1280
114	2513
114	1139
115	3232
115	639
115	546
116	1731
116	3442
116	1525
117	33
117	1517
117	511
118	1719
118	1587
118	2429
119	762
119	13
119	831
120	179
120	2156
120	377
121	2688
121	3034
121	2890
121	2688
121	3034
121	3034
121	2688
121	2890
121	1316
121	2567
121	567
121	1316
121	692
121	849
121	3058
122	280
122	374
122	2300
122	280
122	374
123	1231
123	2613
123	3207
124	1095
124	725
124	143
124	143
124	1095
125	2845
125	2049
125	956
126	3233
126	2992
126	3392
127	2193
127	612
127	3000
127	3000
127	2193
128	1509
128	645
128	1320
129	1222
129	2708
130	2663
130	280
131	1854
131	1125
131	2032
132	2464
132	2725
132	1807
133	3426
133	752
133	752
133	1065
133	3426
134	1146
134	1369
135	1862
135	2428
135	295
135	295
135	2428
136	2645
136	3030
137	1847
137	1107
138	3716
138	3715
138	3714
139	1360
139	1657
139	2829
139	1657
139	1360
140	2317
140	795
141	3195
141	3296
141	836
141	515
142	563
142	2238
142	3289
143	3294
143	1212
143	2693
143	2457
144	1548
144	2565
144	1532
144	558
144	2565
144	558
144	1532
144	1548
145	1333
145	1247
145	1247
145	1486
145	302
145	1333
146	3577
146	3069
146	789
146	2415
147	2072
147	2151
147	1531
148	1730
148	3093
149	763
149	296
149	3717
150	3326
150	587
151	3369
151	730
151	3167
151	730
151	840
152	2475
152	494
152	1659
152	2872
153	140
153	3013
153	2408
153	833
153	2408
153	3013
153	140
154	1099
154	1498
154	1498
154	3049
154	1798
154	1099
155	549
155	3186
155	2459
155	549
155	3186
155	549
155	2459
156	1067
156	3578
156	3413
156	3579
157	1631
157	265
157	1327
157	3396
158	3010
158	589
158	2348
158	589
158	2348
158	2578
158	589
158	2348
159	3340
159	771
160	2333
160	2749
160	1682
160	3443
161	1068
161	695
161	627
161	2474
162	2976
162	2438
162	2755
162	3237
163	2914
163	1374
163	1374
163	2914
163	1119
163	3361
164	1922
164	203
165	1287
165	1465
165	2542
165	2881
165	2542
165	1465
166	1093
166	2730
166	1899
166	3082
166	3082
166	1899
167	1283
167	3355
167	3119
167	3
168	110
168	3581
168	3580
168	3581
168	3580
168	1671
169	1156
169	3020
169	1157
169	3125
170	1472
170	932
170	1181
170	3194
170	3194
170	1472
171	122
171	3094
172	703
172	1154
172	3097
172	703
172	2195
172	128
172	3365
172	1868
172	267
172	3494
172	3335
172	2693
173	1976
173	2977
174	559
174	3042
174	1843
174	1206
174	1843
174	3042
174	559
174	1843
174	3042
174	1206
174	559
175	172
175	2791
175	2351
175	273
176	226
176	3444
176	1611
176	3117
177	321
177	3434
177	1529
177	321
177	3434
177	3062
177	2333
177	764
177	3259
177	2709
177	15
177	2064
178	2518
178	2681
178	2681
178	39
178	2518
178	3582
179	514
179	1191
179	2894
179	514
179	2894
180	1190
180	1741
181	1769
181	1664
181	1846
181	1148
181	1846
181	1664
182	1689
182	3202
182	2699
182	1572
183	2143
183	3085
183	2833
183	2143
183	3085
183	1751
183	2833
184	1633
184	2487
185	865
185	503
186	3088
186	107
186	116
186	3088
186	107
187	3583
187	3584
187	2259
187	2239
188	2245
188	1700
188	3112
188	2763
189	1734
189	403
189	3445
189	403
189	2799
189	1734
190	742
190	3251
191	3165
191	2933
191	1119
191	3165
191	439
191	2933
192	776
192	1539
192	2641
192	435
192	2641
192	776
192	435
192	1539
193	1591
193	2321
194	3043
194	1644
194	370
194	938
195	2944
195	809
196	2052
196	1293
196	2579
196	892
196	892
196	1293
196	2579
196	2052
197	1459
197	1981
198	2741
198	1567
198	2025
198	2862
199	2857
199	2136
200	2232
200	3136
200	362
200	2232
200	3136
201	1634
201	1124
201	506
201	1881
201	506
201	1124
201	1634
202	2919
202	1910
202	1788
202	266
203	1804
203	3354
203	1163
203	2463
203	2463
203	1163
203	3354
204	3720
204	3028
204	3719
204	3718
205	604
205	144
205	749
205	2403
206	2261
206	2880
207	3186
207	1998
207	556
207	1850
208	1012
208	611
208	1500
208	611
208	1012
208	62
209	2744
209	3585
210	1052
210	1074
211	2111
211	1893
211	3195
211	3230
211	3230
211	1893
212	2167
212	3446
212	3446
212	591
212	3447
212	2167
213	2062
213	1047
213	3721
213	557
214	1834
214	2089
214	508
214	2067
214	2067
214	2089
214	2067
214	2089
214	1834
215	100
215	1591
215	1656
215	1037
215	100
215	1591
215	1656
215	1037
216	970
216	2313
216	788
216	970
216	2313
217	856
217	2353
217	3225
217	3004
218	931
218	2544
218	287
218	287
218	2544
218	931
218	401
219	995
219	3008
219	740
219	2808
219	740
219	3008
219	995
220	2214
220	2104
220	2100
220	2663
221	1613
221	2604
221	2955
221	2796
222	1126
222	1108
222	143
222	1108
222	23
222	1126
223	3426
223	461
224	3223
224	945
224	3223
224	3296
224	3296
224	945
224	3223
224	262
225	1752
225	1110
225	2851
225	2278
225	1110
225	1752
226	3722
226	785
227	2778
227	176
227	2524
227	408
227	1679
227	872
227	3546
228	793
228	3269
229	2028
229	2900
229	1194
229	1706
230	529
230	161
230	770
230	2590
231	2396
231	1676
232	3163
232	539
232	2446
232	3248
232	2446
232	539
232	3163
233	13
233	2757
233	2154
233	678
233	678
233	2154
233	13
234	3023
234	1817
234	3011
234	3408
235	2490
235	687
235	996
235	3451
235	3451
235	996
235	3451
235	687
235	2490
236	1814
236	2235
236	1814
236	3351
237	2535
237	2869
237	1171
237	2646
238	216
238	1875
238	3412
238	1875
238	216
238	1092
239	1074
239	3161
239	2406
239	1451
240	1171
240	1243
241	470
241	2242
241	2039
241	2687
242	1625
242	306
242	3061
242	209
242	209
242	306
243	2433
243	3120
243	180
243	2433
243	3120
244	1584
244	269
244	356
244	2426
245	3373
245	1479
245	1135
245	1479
245	3373
245	1136
245	1479
245	1135
246	1946
246	2410
247	1720
247	3132
247	1811
247	3059
247	1811
247	3132
247	1720
248	1419
248	1284
248	1761
248	2085
249	2161
249	3586
249	3587
249	3588
250	3238
250	3190
250	166
250	3169
250	166
250	3190
250	3238
251	2464
251	3190
251	1458
252	2451
252	927
252	2108
253	1414
253	3329
253	131
253	799
253	3329
253	799
253	1414
253	131
253	131
253	1414
253	3329
254	2915
254	869
254	1962
254	3215
255	2007
255	2442
256	3453
256	3452
256	3312
256	3453
256	2515
257	842
257	1967
258	1271
258	3385
258	365
258	152
258	1271
258	3385
259	1328
259	3589
259	427
259	2031
259	1277
259	427
259	1277
259	2031
259	3589
259	1328
260	3590
260	303
260	983
260	1537
260	414
260	983
261	2429
261	1036
262	3130
262	640
262	898
262	2050
263	2941
263	118
263	1010
263	3228
263	1565
264	1432
264	578
264	578
264	3031
264	2217
264	1432
264	2561
264	3031
264	578
264	2561
264	2217
264	3031
265	297
265	2699
265	1319
265	558
265	2795
265	558
265	2699
266	946
266	4
266	143
266	1702
266	138
267	981
267	2469
267	1276
267	2279
267	2700
268	3432
268	2656
268	1208
268	3081
268	1245
268	1208
268	2656
268	3432
269	3417
269	2124
269	3133
269	1602
269	207
269	3417
269	3133
269	2124
269	1602
269	207
270	2330
270	741
270	2681
270	2965
270	2681
270	2573
271	2988
271	397
271	544
271	1239
271	761
271	1239
271	544
272	953
272	1619
273	2195
273	2520
273	958
273	2195
273	958
274	2518
274	2876
274	20
274	3591
274	3591
274	20
274	2876
274	2518
274	3592
275	2954
275	1446
275	2869
275	1675
276	664
276	245
276	2185
276	1959
276	245
276	664
276	388
276	1959
276	2185
277	2812
277	2014
278	191
278	1376
278	1204
278	3454
278	693
278	693
278	1204
278	1376
278	191
278	1651
278	733
278	2425
278	590
278	3593
279	1453
279	2893
279	2020
279	3411
279	1453
279	2893
279	1453
279	2893
280	2761
280	2002
280	1655
280	540
280	3455
281	2670
281	1930
281	366
281	1557
281	112
282	928
282	1536
282	3208
282	761
282	2550
282	761
282	928
282	2550
282	3208
282	1536
283	3102
283	2554
283	2121
283	51
283	2561
283	51
283	2121
283	2554
284	1763
284	2863
284	391
284	837
284	837
284	391
284	2863
284	1763
284	1445
285	1928
285	3280
285	3456
285	3456
285	837
285	3280
285	1928
285	75
286	3435
286	1016
286	2815
286	275
286	3435
286	2815
287	1438
287	215
287	1475
287	3316
287	1438
287	3316
287	668
287	1475
288	2219
288	146
288	3060
288	1932
288	495
289	1370
289	3172
289	3025
289	1254
290	1043
290	888
290	977
290	1043
290	888
290	1001
290	977
291	305
291	1510
291	3268
291	206
291	1210
292	3594
292	1109
292	781
292	2319
292	781
293	2364
293	2600
293	1335
293	134
293	1909
293	1909
293	2364
293	134
293	1335
293	2600
294	1797
294	3021
294	1055
294	3021
294	1797
294	65
294	1454
295	2437
295	1984
295	3595
295	2018
295	121
296	1081
296	499
296	1951
296	2020
296	1340
296	499
296	1951
296	2020
296	1340
297	2531
297	934
297	482
297	2734
298	3245
298	198
298	2724
298	2996
298	50
299	1870
299	2107
299	2107
299	1690
299	1870
299	619
299	1044
300	1807
300	1005
300	704
300	1620
300	177
300	1620
300	704
300	1005
300	1807
301	1391
301	2616
301	1759
301	3155
301	225
301	225
301	2616
301	1391
301	3155
301	1759
302	2634
302	2522
302	2153
302	2634
302	2522
303	3267
303	2715
303	1524
303	2864
303	951
304	724
304	1621
304	2557
304	1415
304	772
304	1415
304	2557
304	1621
304	724
305	2368
305	755
305	3407
305	220
305	293
305	755
306	1248
306	776
306	1148
306	776
306	1968
306	1248
306	1573
307	2624
307	496
307	1827
307	1276
307	2839
308	3319
308	3159
308	3209
308	3319
308	143
308	3159
309	1488
309	2400
309	968
309	159
309	1851
309	159
309	968
310	2856
310	2166
310	2636
310	1083
310	615
310	3240
310	2022
310	190
311	1721
311	1919
311	2841
311	129
311	2053
312	1274
312	1945
312	1827
312	1858
312	2743
312	1945
313	1260
313	3438
313	1580
314	1884
314	1845
314	941
315	3067
315	2229
315	1612
316	857
316	810
316	3416
316	2826
316	387
317	1931
317	935
317	2753
317	2621
317	2746
317	2746
317	2621
317	935
317	1931
318	800
318	3131
318	1546
318	2584
318	2584
318	1546
318	2870
318	3131
318	800
319	1113
319	1262
319	1214
319	2378
319	258
319	1262
319	1113
320	767
320	1112
320	2443
321	2546
321	3457
321	3458
321	2897
321	1014
321	3458
321	3457
322	3430
322	2051
322	596
322	1398
322	68
322	3430
322	2051
322	596
322	1398
322	68
323	555
323	1410
323	1053
323	3114
323	2664
323	1410
323	555
323	2664
323	3114
323	1053
324	904
324	714
324	2149
324	211
324	3315
325	136
325	1907
325	1060
325	2480
325	2349
325	136
325	1907
325	1060
325	2480
325	2349
326	1356
326	3178
326	1292
326	1356
326	3178
327	197
327	837
327	2654
327	2862
328	1550
328	1601
328	972
328	2097
329	3139
329	1258
329	2061
329	2061
329	1258
329	2160
329	301
329	3139
330	514
330	2065
330	1652
330	514
330	2065
330	1723
330	1652
331	3250
331	1824
331	423
332	686
332	1242
332	1814
332	1242
332	416
332	686
332	859
333	2129
333	1780
333	1775
333	1198
333	1164
334	2485
334	1494
334	2485
334	1494
335	1381
335	413
335	2298
335	2075
335	2298
335	2075
336	2585
336	1388
336	3002
336	225
336	136
336	136
336	225
336	3002
337	821
337	2003
337	785
337	1167
337	1323
338	185
338	2710
338	3230
338	3247
338	1088
339	1636
339	2275
339	2554
339	1382
339	3220
340	190
340	940
340	1347
340	507
340	1347
340	1099
341	2990
341	338
341	1492
341	1949
342	1841
342	1593
342	3596
342	2606
343	2765
343	2056
343	1185
343	229
343	963
343	2765
343	2056
344	1251
344	3597
344	1203
344	3598
344	1704
345	2350
345	98
345	910
345	2611
346	1138
346	64
346	1523
346	3599
346	883
346	3599
346	1523
346	64
346	1138
347	2166
347	2663
347	852
347	2663
347	2172
347	143
347	2166
348	3600
348	599
348	2128
348	2967
348	429
349	30
349	1401
349	232
349	1014
349	52
350	1279
350	2191
350	2640
350	1279
350	3459
350	2861
350	2861
350	3459
350	2191
350	1279
350	2640
351	1457
351	2274
352	2961
352	2001
353	551
353	2133
353	551
353	2340
353	991
353	2133
353	2340
353	2130
353	551
354	1201
354	1195
354	1452
354	2637
354	1202
355	698
355	148
355	3274
355	1508
355	3178
356	1020
356	2258
356	2705
356	1733
356	194
356	3384
356	2137
356	318
356	151
357	2695
357	2282
357	2745
357	2819
358	2783
358	2494
359	822
359	188
359	2506
359	2338
359	37
360	890
360	662
360	1019
360	175
360	625
361	1377
361	3460
361	3461
361	3462
361	3463
362	2971
362	2638
362	527
362	1538
362	1538
362	527
362	2638
362	1474
362	2971
363	3725
363	3724
363	3723
363	310
364	360
364	2851
365	1932
365	1311
365	1110
366	835
366	1460
366	3221
366	1175
367	2342
367	2785
368	705
368	3029
369	398
369	2203
369	1131
369	1558
369	1966
370	1646
370	818
370	1208
370	818
371	1253
371	3266
372	2133
372	1711
372	645
372	2066
372	2482
372	2133
372	1711
372	645
372	2133
372	2066
372	1711
372	2482
372	645
372	645
372	2482
372	1711
372	2066
372	2133
373	868
373	1296
373	133
373	1221
373	1435
373	1435
373	1221
373	1296
373	868
374	3601
374	2473
374	222
374	2916
374	2473
374	2916
374	3601
374	2473
374	2916
375	925
375	1867
375	405
375	1189
375	1645
375	925
375	1867
375	405
376	1937
376	371
376	1703
376	2273
376	3602
376	3261
376	3602
376	2273
377	2154
377	2101
377	1271
377	1048
377	2367
378	592
378	696
378	2260
378	1319
378	2773
378	2150
378	2150
378	592
378	2260
378	696
379	1951
379	1314
380	858
380	3360
380	1564
380	2938
380	2908
380	3077
380	1564
380	3360
381	962
381	2294
381	3059
381	1255
381	1555
381	521
382	2008
382	2417
382	2008
382	2655
382	906
382	2417
382	2008
382	906
382	2417
383	635
383	3078
383	3603
383	3078
383	3604
383	709
383	2341
383	3603
383	3604
383	3603
384	1394
384	2846
384	886
384	746
385	1738
385	3465
385	1805
385	3464
385	669
385	3465
385	3464
385	669
385	1738
385	1805
386	1853
386	1649
386	1853
386	3135
386	1316
387	2092
387	2653
387	61
387	783
387	833
387	3205
387	783
387	61
387	2653
388	2523
388	3064
388	2034
388	163
388	833
388	2523
388	2034
388	833
388	3064
388	163
388	1936
389	2290
389	43
389	1115
389	2372
390	3115
390	3319
390	1137
390	3115
390	3432
391	909
391	1241
391	1865
391	532
391	1464
391	1985
391	218
391	1551
391	3285
391	2741
391	677
391	3343
392	1626
392	2669
393	3391
393	1804
393	2464
393	952
393	3391
393	979
393	952
393	2233
394	1518
394	3606
394	3607
394	3605
395	1933
395	2940
395	3241
395	999
395	2917
395	1232
395	2917
395	999
395	3241
395	2940
395	1933
396	3313
396	1228
396	458
396	827
396	313
396	3038
396	3313
396	1228
397	1882
397	3038
397	2900
398	994
398	904
398	2427
398	1390
398	2376
398	2255
399	83
399	2045
399	666
399	83
399	2045
399	666
399	1966
399	3323
399	666
399	1966
399	3323
399	2534
399	1966
399	2045
399	83
399	666
400	3380
400	1168
400	1118
400	812
400	2060
400	1314
401	3608
401	2401
401	3346
401	2170
401	25
401	3051
402	2568
402	3609
402	2593
402	3176
402	2270
402	3610
402	3610
402	2270
402	2593
402	3609
403	2318
403	1710
403	965
403	1748
403	1748
403	965
403	1959
403	1710
403	2927
403	2318
403	3297
403	1827
403	1384
403	2247
403	1756
403	2429
403	3688
403	564
403	648
403	564
403	3688
403	2247
403	2429
403	3297
403	1756
403	1384
404	3611
404	3612
404	3613
404	459
404	150
404	3320
404	459
404	3613
404	3612
405	3003
405	2326
405	478
405	3276
406	616
406	1542
406	1400
406	1979
407	1130
407	1341
407	2168
407	268
408	741
408	1436
408	791
408	741
408	766
408	2731
408	2822
408	766
408	1436
408	2822
408	322
408	1932
408	685
408	2148
408	1912
408	445
408	1148
408	2804
408	322
408	3005
408	1912
408	445
408	1148
408	1932
408	685
408	2148
409	3614
409	1554
409	3615
409	2601
409	3614
409	1554
409	3738
409	3737
409	3736
409	3735
409	3734
410	436
410	2779
410	1849
410	2244
410	3347
410	1849
410	2244
410	3347
411	2683
411	1403
411	1324
411	2858
411	1365
411	1783
412	2995
412	1813
412	2879
412	2145
412	3184
412	2879
413	1304
413	2512
413	2181
413	834
413	694
413	2512
413	833
413	694
413	1304
413	834
414	3145
414	3350
414	1904
414	997
414	3290
414	2226
414	997
414	997
414	3290
415	2303
415	60
415	2494
415	2931
416	511
416	2033
416	2117
416	1082
416	33
416	1026
416	1026
416	33
416	2117
416	2033
416	511
416	1082
416	2033
416	511
417	542
417	2256
417	731
417	1188
417	731
417	1188
417	615
417	2485
417	615
417	329
417	357
417	2296
417	237
417	329
417	859
417	2980
417	2296
417	237
417	1123
417	859
417	357
417	237
417	2296
417	2560
417	1343
417	2980
417	329
418	3728
418	2542
419	922
419	1816
419	2109
419	2116
419	533
419	1166
420	1699
420	2358
420	1568
420	3099
420	1042
420	1727
420	1568
420	3099
420	1042
421	665
421	2102
421	174
421	1692
421	1442
422	668
422	391
423	1746
423	367
423	575
423	3616
423	2852
423	26
424	1006
424	990
425	1392
425	1916
425	1910
425	3377
425	675
425	3617
426	58
426	2455
426	722
426	298
426	2607
426	582
426	2455
426	58
427	1009
427	2707
427	309
427	1986
427	514
427	1009
427	2707
427	514
427	1986
427	514
428	1135
428	3466
428	2790
428	2347
428	2790
428	1135
428	3466
428	2347
429	1629
429	797
429	775
429	1900
429	154
429	1918
430	2986
430	2853
430	1385
430	1831
430	339
430	1996
431	3273
431	1485
431	1231
431	1604
431	2132
432	707
432	3230
432	2044
432	1177
432	241
432	3110
432	3110
432	1177
432	3230
432	707
432	3110
432	1177
432	241
432	707
432	2044
432	3230
433	3356
433	1764
433	819
434	1185
434	3306
434	667
434	229
434	2387
434	2943
434	3306
434	1185
434	1185
434	3306
434	2943
434	2387
434	667
435	3618
435	3619
435	1362
435	1117
435	3620
435	3621
436	1527
436	1481
436	534
436	1091
437	3374
437	765
437	2501
437	2263
438	1142
438	2071
438	901
438	1072
438	1142
438	2071
438	901
439	717
439	2511
439	927
439	784
439	3225
439	2899
439	2899
439	784
439	927
439	2511
440	2573
440	1511
440	1294
440	947
440	1469
440	3053
440	3053
440	1469
440	947
440	1294
440	1511
441	89
441	782
441	1749
441	1516
441	2767
441	1407
441	89
441	782
441	1749
441	1516
441	2767
441	1407
442	2204
442	1618
443	3467
443	1799
443	634
443	3468
443	2631
443	3469
444	802
444	1141
444	761
444	2965
444	388
445	1603
445	123
445	2033
445	2458
445	579
445	2458
445	2033
445	123
445	688
445	1603
445	1603
445	2458
446	1205
446	3387
446	1227
446	498
446	1499
446	2020
446	1499
446	498
446	1227
446	3387
446	1205
447	2289
447	1515
447	1416
447	3084
447	1501
447	1789
447	1515
447	2289
447	45
447	1004
447	751
447	873
447	3333
447	45
447	751
447	873
447	3333
447	3174
447	1467
447	3338
447	1004
448	3470
448	2711
448	503
448	1973
448	2711
448	1973
448	1421
448	2711
449	347
449	155
449	3137
449	2198
449	1871
449	3041
449	2198
449	3137
450	3213
450	126
450	437
450	3213
450	126
450	437
450	2973
451	3306
451	3710
451	3295
451	1363
451	3329
451	2336
452	1170
452	2298
452	761
452	342
452	1255
452	3622
452	1255
452	761
452	2298
453	973
453	1479
453	2200
453	406
453	142
453	4
453	142
453	406
453	2200
453	973
453	4
453	1479
454	2420
454	1796
454	171
454	1100
454	2119
454	2644
454	171
454	1796
454	2420
455	1054
455	2873
455	3040
455	3055
455	2777
455	659
456	2190
456	2123
456	418
456	2825
456	2556
456	2323
457	757
457	1729
457	117
457	2471
457	2571
457	1718
457	1729
457	2571
457	117
457	2471
458	1297
458	2112
458	632
459	2436
459	2539
460	3623
460	1326
460	466
460	1199
460	2076
460	1647
461	3624
461	3244
461	361
461	1276
461	3235
461	2703
462	3048
462	614
462	1765
462	167
462	1539
462	3048
462	1765
463	1833
463	2315
463	1833
463	2315
463	3424
464	2849
464	481
464	54
464	3070
464	2749
464	2792
465	1977
465	830
465	855
465	1245
466	2769
466	3245
466	2668
466	2505
466	2187
467	901
467	2623
468	479
468	2491
468	1547
468	603
468	1722
468	1970
468	1970
468	1722
468	603
468	1547
468	2491
469	421
469	1368
469	2887
469	355
469	2460
469	2870
470	2148
470	1110
471	1434
471	663
471	423
471	3309
471	299
472	2898
472	2430
473	2826
473	3026
473	3730
473	3729
474	3298
474	2331
474	1262
474	2373
474	2214
474	895
474	1957
474	1835
474	2480
474	597
474	1354
474	1552
474	895
474	1957
474	1835
474	2480
474	597
474	1354
474	1552
475	1114
475	1814
475	2366
475	1114
475	2366
476	2260
476	696
476	3258
476	3471
476	1826
476	696
476	3258
477	2494
477	454
477	1656
477	388
477	1428
477	2429
478	2355
478	1481
479	105
479	3427
479	2609
479	204
479	2081
479	2057
479	3427
479	105
480	2302
480	2182
481	1571
481	3224
481	1730
481	1144
482	2965
482	3357
482	33
482	558
482	3111
482	2546
482	2965
482	3357
482	33
482	558
482	3111
482	2546
483	1152
483	2360
483	2360
483	1935
483	846
483	791
483	974
483	1152
484	742
484	818
485	329
485	2485
485	2346
485	3427
485	2485
485	2346
486	468
486	3222
486	1673
486	3311
486	2612
486	3222
486	1404
486	468
487	1234
487	778
487	2527
487	1495
487	2759
487	443
487	1234
487	778
487	2527
487	1495
487	2759
487	443
487	443
487	2759
487	778
487	1234
488	1148
488	2184
488	1508
488	2381
488	2184
488	1508
488	3041
488	2206
489	816
489	1265
489	1667
489	2508
489	2508
489	2080
489	1667
489	737
489	1265
489	816
489	1265
489	1667
489	1265
489	1667
489	2508
490	2055
490	2279
490	691
490	3337
491	639
491	3196
491	472
491	1728
491	1623
491	1319
492	1257
492	2630
492	1683
492	1276
492	1643
492	2907
493	2950
493	2674
493	78
493	3284
493	3403
493	193
493	1693
493	3019
493	450
493	78
493	1693
493	2829
493	3403
493	1693
493	3019
493	193
493	450
494	2648
494	1214
494	1143
494	1432
494	1214
494	1143
494	1143
494	2314
494	1214
494	658
494	2314
495	2122
495	2038
495	2013
495	204
496	2292
496	3214
496	236
496	3625
496	2860
496	572
496	3626
497	2748
497	1891
497	1059
497	3138
497	1217
497	418
497	3305
497	2748
497	1891
497	1059
497	3138
497	1217
497	418
497	3305
498	452
498	3230
498	3296
498	1396
498	455
498	2351
499	3074
499	2874
499	3732
499	2649
499	623
499	3731
499	3218
500	878
500	9
500	9
500	2633
500	471
500	878
500	1559
500	2547
500	363
500	1559
500	878
500	2633
501	1857
501	1441
501	3007
501	1174
501	695
501	3325
501	3156
502	1880
502	248
502	2095
502	399
502	2762
502	2069
502	235
503	3472
503	3473
503	3474
503	3475
503	3476
503	3477
503	3478
504	3048
504	2242
504	1684
504	2275
504	3405
504	1684
504	289
504	2242
504	1395
504	3048
504	3048
504	2242
504	289
504	1684
504	1395
504	3405
505	820
505	2722
505	3628
505	820
505	2722
505	3628
505	243
505	200
505	3627
506	1186
506	422
506	3345
506	3204
506	836
506	911
506	1186
506	422
506	3345
506	836
506	911
506	3204
506	3204
506	911
506	836
506	741
506	3345
506	422
506	1186
507	1877
507	2189
507	3144
507	815
507	726
507	1478
507	815
507	889
507	3144
507	1478
507	1877
507	2189
508	2962
508	2019
508	2500
508	3123
509	3482
509	3481
509	3480
509	2947
509	3401
509	3479
509	505
509	3479
509	3401
509	2947
509	3480
509	3481
509	3482
510	2357
510	1507
510	581
510	3733
511	977
511	1276
511	3256
511	261
511	2469
511	761
511	1276
511	3256
511	761
512	115
512	1250
512	115
512	2211
512	1371
512	1950
513	326
513	506
513	2488
513	160
513	3629
513	3087
513	3629
513	3426
513	160
513	2488
513	506
513	326
514	2283
514	3032
514	3630
514	1379
514	1804
514	325
514	1120
514	3630
514	2283
515	1276
515	590
515	2145
515	3151
515	1099
515	411
515	411
515	3151
515	2145
515	1099
515	590
515	1276
515	3631
516	2923
516	2086
516	182
516	2732
516	474
516	2157
516	3632
517	2888
517	576
517	1848
518	1308
518	396
518	2776
518	3336
518	536
518	1920
518	76
518	2776
519	278
519	594
519	3302
519	256
519	577
519	2429
519	278
519	1263
519	594
519	3302
520	3158
520	3229
520	3359
520	1470
520	1237
520	1427
521	336
521	3146
521	2699
521	2379
521	615
521	3483
521	409
521	2699
521	3146
522	3317
522	3293
522	3297
522	679
522	1884
522	2123
523	2678
523	813
523	3633
523	42
523	1642
523	813
523	42
524	88
524	3310
524	2891
524	1683
524	1683
524	2891
524	3310
524	1471
524	1018
524	3230
524	88
525	2902
525	2173
525	345
525	2417
525	3285
526	3484
526	3485
526	3486
526	38
526	3487
526	3488
526	2610
526	2610
526	38
526	3488
526	3486
526	3753
526	3752
526	21
527	1917
527	1213
527	2828
527	520
527	3634
527	656
527	1184
527	1184
527	3634
527	520
527	1213
527	1917
528	2586
528	3197
528	1966
528	2718
528	378
528	162
528	1140
528	1140
528	162
528	1966
529	2674
529	1986
529	1378
530	373
530	2031
530	2324
530	2729
530	2572
530	915
530	3489
530	3489
530	915
530	2729
530	2324
530	2031
530	373
531	2984
531	3635
531	2215
531	1791
531	1933
531	3635
531	2984
531	2667
531	2384
532	1430
532	580
532	792
532	1942
532	1329
532	510
532	2882
533	3637
533	3636
534	1682
534	642
534	605
534	2478
535	1649
535	1618
535	759
535	1649
535	1618
535	732
536	3638
536	2413
536	3369
536	3242
536	3639
536	2809
536	428
537	3393
537	1692
537	1127
537	102
537	49
537	1022
537	807
538	187
538	1842
538	3310
538	1924
538	88
538	2261
538	2110
538	2110
538	2261
538	88
538	1924
538	1842
538	187
539	2913
539	1134
539	585
539	1569
539	2188
539	585
539	2188
540	3278
540	3188
541	901
541	3406
541	844
541	281
541	1425
541	1911
541	3298
541	281
541	1893
541	238
541	1425
541	1911
541	3298
541	69
542	2419
542	3739
543	2281
543	1576
544	928
544	333
544	1270
544	1094
544	1366
544	1429
544	2985
544	1094
544	928
545	1974
545	2675
545	601
545	2675
545	2660
545	2817
545	1974
545	3640
545	2855
545	601
545	2660
545	2551
545	1715
545	1715
545	1233
545	1959
545	2551
545	1566
545	2424
545	2952
545	2188
545	804
545	1954
545	2991
545	761
545	433
545	433
545	761
545	2460
545	2991
545	600
545	1954
545	213
545	804
545	1105
546	713
546	3322
546	2878
546	218
546	2878
546	1043
546	3490
547	2295
547	960
547	2781
547	1332
547	2295
547	2658
548	1842
548	1696
548	2261
548	1247
549	3378
549	192
549	2006
549	836
549	3140
549	2026
549	1785
549	836
549	3140
549	2006
549	3140
549	2026
550	2699
550	2307
550	2727
550	2131
551	2228
551	1024
551	2440
551	1535
551	381
552	2447
552	81
552	104
552	2169
552	3259
552	185
552	1894
552	1894
552	185
552	3259
552	2169
552	104
552	1894
552	3259
553	1925
553	2747
553	2965
553	3740
553	3331
553	2563
554	2114
554	3299
554	1802
554	1956
554	2114
554	1802
554	3397
554	1029
555	1894
555	104
555	2365
555	3491
555	3492
555	3493
555	104
555	584
555	1894
555	3492
555	2365
556	2672
556	1777
556	1781
556	1000
556	267
557	1487
557	507
557	1672
557	1289
557	2935
557	265
557	3408
557	3408
557	265
557	1289
557	507
557	1487
557	2935
557	1672
558	1211
558	1102
558	1235
558	1334
558	1211
558	1178
558	2287
558	1235
558	3077
559	1038
559	3039
559	2573
559	3641
559	283
559	2012
559	405
560	2429
560	2699
560	618
560	2964
561	317
561	3495
561	3496
561	3497
561	3498
561	3499
561	2789
561	2789
561	3498
561	3497
561	3496
561	3495
561	317
562	903
562	3179
562	57
562	3164
562	2492
562	1505
563	1078
563	916
563	3501
563	3500
564	1196
564	1670
564	2639
564	1367
564	3642
564	55
564	2639
564	1670
564	1196
564	341
565	2704
565	1959
565	84
565	2704
565	2432
565	84
565	2704
565	2432
565	1959
565	302
565	2507
566	3360
566	3225
566	1616
566	1236
567	586
567	335
567	586
567	3150
567	354
567	2385
567	518
567	354
568	2309
568	3643
568	2883
568	2798
568	2035
568	3428
568	1758
568	3428
568	2035
568	2798
568	3643
569	1269
569	217
569	2686
569	1046
569	3414
570	2823
570	2070
570	1142
570	1897
570	1852
570	2895
570	1159
570	2895
570	1159
570	2823
570	2070
570	1897
570	1852
570	1142
571	718
571	2467
571	1077
571	2682
572	3644
572	394
572	1209
572	470
572	2921
572	3009
572	2920
573	35
573	1632
574	759
574	876
574	3645
574	2957
574	2240
574	2320
574	1773
574	2240
574	1773
574	876
574	2320
574	2957
574	3645
574	759
574	3645
574	1773
574	1714
574	1269
574	734
574	1040
574	885
574	1534
574	1886
574	2802
574	2807
574	2807
574	1040
574	734
574	1269
574	2802
574	1886
574	1714
574	1534
574	885
574	750
574	390
574	2968
574	3291
574	2989
574	1264
574	1810
574	237
574	2470
574	2470
574	1810
574	750
574	237
574	1264
574	2989
574	550
574	2686
574	1809
574	135
574	2575
574	382
574	1809
574	2489
574	2127
574	135
574	2575
574	382
575	2697
575	2046
575	2560
575	1424
575	2048
575	850
575	479
575	850
575	2048
575	1424
575	2560
575	2697
576	588
576	2016
576	1701
576	2389
576	588
576	2016
577	1246
577	1319
578	423
578	3271
578	3006
578	1908
578	3503
578	3502
578	3503
578	3502
578	3006
578	1908
578	3006
578	3502
578	2736
578	3503
578	3271
578	423
579	3648
579	1575
579	271
579	3647
579	519
579	519
579	3646
579	3647
579	1747
579	271
579	1575
579	3648
580	3504
580	70
580	2216
580	156
580	3504
580	70
580	156
580	2216
580	2784
581	2699
581	2921
581	1311
581	2429
581	1110
581	495
581	2965
582	1291
582	1411
582	2291
582	2821
582	2717
582	2576
582	1244
582	1244
582	2576
582	2821
582	1291
583	3649
583	1966
583	739
583	1872
583	372
583	311
583	3649
583	1966
583	311
583	739
584	3175
584	1859
584	1844
584	613
584	2776
585	1883
585	3650
585	684
585	633
585	2231
585	638
585	1793
585	1793
585	633
585	684
585	1883
586	2866
586	2288
586	2928
586	3741
586	279
587	350
587	3505
587	350
587	327
588	3200
588	2441
588	1879
588	3651
588	1380
588	699
588	3200
588	1409
588	2441
588	1879
588	1879
588	2441
588	699
588	1409
588	1380
588	3651
588	3200
589	3236
589	3080
589	3080
589	2620
589	893
589	270
589	3236
589	3012
589	1680
589	893
589	2620
590	472
590	1246
590	297
590	2503
590	708
590	1806
590	1983
590	472
590	1246
590	297
590	2503
590	708
590	1806
590	1983
590	2503
591	2021
591	3427
591	368
591	1947
591	1608
591	388
591	2429
591	2429
591	388
591	1947
591	368
591	3427
592	1393
592	497
592	1364
592	1128
592	497
593	574
593	2224
593	3047
593	1103
594	3068
594	1754
594	612
594	2404
594	1359
594	769
594	2810
595	3218
595	1744
595	22
595	1300
595	22
595	2173
595	1300
596	1959
596	1590
596	3353
596	1056
596	2494
596	2870
597	630
597	2530
597	2481
597	986
598	3507
598	3395
598	3506
598	3507
598	3395
599	2562
599	3244
599	3046
599	2196
599	1947
599	439
600	3285
600	2411
600	274
600	3083
600	2417
600	2084
600	698
600	2417
600	3285
600	698
600	3083
600	274
600	2411
601	3297
601	3363
601	2596
601	1960
601	388
601	1532
601	2015
602	568
602	423
602	1835
602	1447
602	3309
602	2865
602	877
603	420
603	1352
603	1628
603	3141
603	420
603	1352
603	1216
603	761
603	420
603	1352
603	1628
603	3141
603	761
604	2353
604	681
604	1878
604	2731
604	977
604	1375
604	82
605	2731
605	1379
605	2194
605	1896
605	1853
606	101
606	2175
606	1913
606	1694
607	2146
607	3341
607	204
607	796
607	2465
607	1921
607	2146
607	796
607	1120
608	3711
608	660
608	943
608	1051
608	1526
608	660
608	2285
609	2681
609	3297
609	16
609	1389
609	1960
609	3317
609	3215
609	2681
609	3297
609	16
609	1389
609	1960
609	3317
609	3215
610	1658
610	31
610	3712
610	465
611	1439
611	1180
611	1461
611	2156
611	179
611	959
611	2283
612	2152
612	1418
612	3265
612	1808
612	410
612	3265
612	1418
612	2152
612	410
612	1814
612	1426
612	1808
613	3160
613	798
613	1657
613	2574
613	1528
613	1666
614	500
614	1863
614	1039
614	2540
614	899
614	1146
614	2502
615	2956
615	3398
615	3018
615	2397
615	3742
616	2643
616	2971
616	1349
616	2421
616	1639
616	2694
616	1349
616	1349
616	2694
616	1639
616	2971
616	2421
616	723
616	2643
616	2421
616	1639
616	2694
617	748
617	2058
617	404
617	2581
617	2684
617	2684
617	2581
617	404
617	2058
617	2402
617	748
617	942
618	300
618	1685
618	1097
618	598
618	441
618	1065
618	1357
618	441
618	598
619	1098
619	2847
619	1315
619	3342
619	864
619	2847
619	1315
619	3342
620	1155
620	419
621	2966
621	870
621	1801
621	1003
622	978
622	304
622	1579
622	145
622	304
622	1193
622	978
622	1658
622	2416
623	3101
623	3508
623	425
623	3037
623	3509
623	3108
623	1688
624	3056
624	2525
624	2328
624	3065
624	467
624	787
624	467
624	2525
625	282
625	2176
625	1829
625	3288
625	1709
625	3170
626	477
626	3124
626	801
626	1686
626	1338
626	1654
626	184
626	1686
626	801
626	3124
627	1721
627	3191
627	2016
627	1455
627	1373
627	1317
627	2924
627	2016
627	1317
627	1455
627	1373
627	2016
627	1455
627	1373
627	1317
628	1624
628	3652
628	1678
628	3653
628	955
628	2848
628	1533
629	3259
629	2103
629	777
629	861
629	3259
629	2103
629	861
630	2555
630	1630
630	1987
630	3654
630	3654
630	1987
630	1630
630	2555
630	628
630	3655
630	2354
631	1797
631	2692
631	3286
631	3510
631	2308
631	1261
631	2407
632	3512
632	3511
632	808
632	407
633	2456
633	196
633	440
633	1064
633	2538
633	476
633	2830
633	636
633	476
633	636
633	636
633	2830
633	476
633	2538
633	1064
633	440
633	196
633	2456
634	402
634	837
634	2339
634	3142
634	3142
634	1839
634	2339
634	825
634	736
634	837
634	402
634	636
635	3513
635	3514
635	2580
635	239
635	3515
635	3516
635	3517
635	2183
635	2183
635	3517
635	3516
635	3515
635	239
635	2580
635	3514
636	2772
636	779
636	2970
636	1173
636	728
636	491
636	2970
636	1173
636	779
636	728
636	2772
636	1031
637	3236
637	2629
637	1813
637	2615
637	756
638	1596
638	125
638	2058
638	3284
638	212
638	1596
638	2058
638	1116
638	212
638	1116
638	125
638	1608
638	125
639	1530
639	364
639	263
639	1504
639	3420
639	2093
639	2222
639	3075
639	2093
639	3420
639	364
640	2463
640	3743
640	839
641	2171
641	1767
641	1713
641	3227
641	1182
641	2221
641	3518
641	2494
641	2171
641	3227
641	1182
641	2221
642	2054
642	1701
642	2617
642	706
642	1140
642	541
642	2617
642	1701
642	541
642	1140
642	706
642	2161
642	2095
642	2054
643	3127
643	2537
643	3371
644	2965
644	2330
644	1473
644	3656
645	2632
645	1342
645	349
645	2203
645	147
645	1450
645	221
645	649
645	649
645	221
645	1450
645	147
645	2203
645	349
645	1342
645	2632
645	649
645	1450
645	349
646	3745
646	2504
646	2251
646	1807
646	32
646	3744
646	2099
646	2614
647	2460
647	2556
647	1890
647	2556
647	2068
647	2460
647	2286
647	432
647	2431
647	715
648	501
648	202
648	1431
648	1290
648	501
648	202
648	1431
648	1290
649	1549
649	2009
649	629
649	139
649	3232
649	2599
649	2012
649	1522
649	1522
649	139
649	629
649	2012
649	1549
650	3521
650	3425
650	3519
650	3522
650	3520
650	1172
651	1080
651	1874
651	2945
651	2236
651	2033
651	2444
651	122
651	958
651	1080
651	1874
651	2945
651	2236
651	2033
651	2444
651	122
651	958
652	2414
652	1750
652	2542
652	3657
652	2395
652	2141
652	950
652	1745
653	1807
653	1697
653	170
653	2343
653	1860
653	2661
653	2573
653	3436
653	1860
653	1697
654	2359
654	3658
654	1980
654	2337
654	552
654	1980
654	3102
654	3658
654	2359
654	552
654	2133
654	446
654	2337
654	2133
654	2359
654	3658
654	1980
654	2337
654	3658
655	829
655	502
655	3162
655	285
655	829
655	502
655	2310
655	1979
655	2078
655	1071
655	285
656	1101
656	99
656	359
656	3659
656	939
656	3421
656	99
656	1383
656	1000
656	1101
656	1383
656	3659
656	359
657	1741
657	879
657	671
657	2353
657	3523
657	650
657	697
657	2373
658	3017
658	460
658	3524
658	3017
658	460
659	2497
659	554
659	3526
659	1192
659	786
659	3526
659	3525
659	1988
659	1192
659	786
660	2974
660	424
660	3352
661	1867
661	700
661	3022
661	5
661	2203
661	3070
661	3022
661	1099
661	700
661	2559
661	3070
661	2203
661	5
661	1867
662	113
662	1556
662	1257
662	201
662	2836
662	113
662	1605
662	1556
662	1257
662	201
662	2836
663	801
663	2162
664	1735
664	2965
664	2377
664	2494
665	2011
665	3016
665	253
665	2713
665	3297
665	387
665	2713
665	683
666	63
666	1011
666	2022
666	1253
666	202
666	157
666	2647
666	1253
666	63
666	2022
666	1253
666	2022
666	2647
666	157
666	1011
666	2393
666	63
666	202
666	615
666	1151
666	380
666	1489
666	2398
667	3748
667	826
667	3747
667	3437
667	3746
668	1563
668	1929
668	3270
668	2993
669	2541
669	2362
669	1513
669	569
669	173
669	3367
669	3031
669	6
669	6
669	3031
669	3367
669	173
669	569
669	1513
669	2362
669	2541
670	3234
670	284
670	1506
670	2526
670	137
670	3660
670	3234
670	3660
670	284
670	2526
670	137
671	2236
671	2494
671	2681
671	1080
671	3297
671	2556
671	1110
671	388
671	2556
671	3297
671	1080
671	2494
671	2236
672	2172
672	2829
672	607
672	3052
672	1305
672	547
672	1707
672	1627
672	607
672	2829
672	2172
673	167
673	1755
673	964
673	2543
674	1145
674	2174
674	195
674	234
675	2813
675	1325
675	444
675	3277
675	2196
675	1238
675	2914
675	2838
675	894
675	1318
675	2450
675	1226
675	2838
675	894
675	1318
675	1226
676	1002
676	3062
676	2978
676	2709
676	1958
676	104
676	3142
676	2758
676	2589
676	3215
676	3045
676	823
676	1753
676	780
677	48
677	3527
677	1779
677	991
677	185
677	2867
677	2082
678	3423
678	3330
678	2939
678	1229
678	3187
678	219
678	2892
678	54
678	2892
678	219
678	3187
678	1229
678	2939
678	3330
679	1889
679	674
679	2249
679	1493
679	2875
680	606
680	1160
680	2626
680	2261
680	1399
680	319
680	2626
680	1399
680	2261
680	2297
680	319
680	1864
681	1768
681	337
681	3423
681	1465
681	152
681	608
681	337
681	1768
681	2828
681	2225
681	608
681	152
682	3409
682	469
682	2369
682	157
682	10
682	2369
682	255
682	157
682	109
683	2751
683	2877
683	3370
683	2011
683	3279
683	657
683	1220
683	2958
683	1220
683	2958
683	657
684	3249
684	1945
684	2896
684	2690
684	3257
684	423
684	2896
684	2690
684	2004
684	3249
684	1945
684	3166
685	3036
685	53
685	3036
685	53
685	1345
685	1827
686	277
686	1133
686	2545
686	3379
686	2494
686	528
686	1075
686	17
686	1075
686	1133
686	17
686	528
686	2494
686	277
687	570
687	735
687	2269
687	230
687	3528
687	1915
687	570
687	2925
687	735
687	2269
687	230
687	2925
687	735
687	2269
687	230
687	570
687	2269
688	1677
688	2689
688	3334
688	3095
688	385
688	902
688	744
688	3086
688	744
688	902
688	385
688	3095
688	3334
688	2689
688	1677
688	385
688	2689
688	1677
688	744
688	385
688	3095
688	3334
688	2689
688	1677
689	3394
689	1021
689	246
689	457
689	2142
689	1992
689	15
689	233
689	3394
689	1021
690	2602
690	3105
690	1778
690	2165
690	2602
690	3105
690	1778
690	2165
690	573
690	1927
690	773
690	773
690	1927
690	573
690	2165
690	1778
690	3105
690	2602
690	1468
691	2454
691	2699
691	3297
691	2905
691	1688
692	141
692	1142
692	2587
692	2587
692	1867
692	934
692	1142
692	2087
692	141
692	227
692	2176
692	2176
692	227
692	141
692	2087
692	1142
692	934
692	2587
693	2771
693	592
693	3530
693	3529
693	3529
693	3035
693	592
693	2771
693	1948
693	85
693	3530
693	2493
694	753
694	2266
694	1084
694	3060
694	2148
694	1626
694	1420
694	3297
695	2133
695	1615
695	2793
695	1577
695	340
695	2192
695	1787
695	2218
696	3264
696	984
696	2409
696	3246
696	3404
696	1483
696	2452
696	3406
696	1483
696	3404
697	1538
697	3216
697	63
697	3219
697	1065
697	2960
697	2158
697	3121
697	2960
697	1065
698	1725
698	2267
698	670
698	546
698	3661
698	2635
698	2566
698	1971
698	1971
698	2566
699	2835
699	1503
699	2029
699	653
699	2460
699	2392
699	2422
699	2422
699	2392
699	2460
699	653
699	1836
699	2029
699	1503
699	2835
700	2659
700	2702
700	69
700	1978
700	386
700	69
700	165
700	66
700	2702
700	386
700	2659
700	2484
700	1978
701	1077
701	128
701	2209
701	93
702	1099
702	1179
702	2325
702	3230
702	3285
702	2794
702	1179
702	3662
702	3662
702	1179
702	2794
702	1099
702	3285
702	1640
702	3230
702	2325
703	3361
703	847
703	73
703	804
703	2854
703	73
703	804
703	2854
703	804
704	837
704	1325
704	2314
704	3388
704	8
704	1923
704	1665
704	2665
705	2911
705	18
705	78
705	2405
705	3332
706	1856
706	1066
706	2278
706	2766
706	3171
706	1856
706	2278
706	2766
706	3171
707	1514
707	897
707	1057
707	716
707	1553
708	2329
708	617
708	1522
708	1600
708	596
708	267
708	2537
708	3262
708	3118
708	772
708	2537
708	267
708	596
709	537
709	2480
709	1606
709	856
709	3360
709	2850
709	2402
709	1282
709	1282
709	856
709	1606
709	2480
709	537
709	2402
709	2850
709	3360
710	2673
710	1405
710	464
710	291
710	548
710	1034
710	1027
710	1034
710	924
710	1027
711	46
711	912
711	3358
711	1266
712	106
712	1099
712	2800
712	185
712	52
712	52
712	185
712	1635
712	2800
712	143
712	2140
712	1099
712	106
713	3750
713	3749
713	2304
714	1794
714	3252
714	612
714	1803
714	1984
714	1617
715	2622
715	3102
715	2147
715	1497
715	1033
715	929
715	1132
716	3368
716	1778
716	149
716	887
716	2230
716	1111
716	67
716	1828
716	1111
717	1819
717	3090
717	78
717	1444
717	3663
717	1002
717	3142
717	3664
717	3090
717	1819
717	1002
717	3663
717	3090
718	3532
718	3531
718	1766
718	2371
718	463
718	2625
718	3533
719	3539
719	3537
719	3536
719	3535
719	3534
719	3106
719	1273
719	3535
719	3536
719	3537
719	3538
719	3539
720	2207
720	1337
720	2342
720	560
720	1770
720	3263
720	828
720	2252
720	2252
720	828
720	3263
720	1770
720	560
721	331
721	442
721	3540
721	3154
721	1090
721	438
721	2448
721	442
721	331
721	1278
722	612
722	3541
722	504
722	1223
722	2979
722	307
722	307
722	2979
722	1223
722	1183
722	504
722	3153
722	3541
722	612
723	1309
723	3389
723	1716
723	162
723	3292
723	1309
723	3542
723	3292
723	1716
723	162
723	1762
723	1309
723	3389
723	3292
724	2429
724	2148
724	2699
724	1706
724	3038
724	2699
724	423
724	3038
724	2008
724	164
724	2148
724	1706
724	2429
725	2536
725	2750
725	2999
725	2009
725	143
725	2677
725	837
725	1216
725	2999
725	2009
725	2677
726	1991
726	3665
726	2811
726	2227
726	74
726	247
726	2042
726	247
726	74
726	2811
726	3665
726	71
726	2227
726	1991
726	74
726	247
727	3543
727	1691
727	512
727	3531
727	34
727	3152
727	1353
727	3544
727	3544
727	1353
727	3152
727	34
727	3531
727	3543
728	916
728	19
728	1607
728	2105
728	1736
728	916
728	19
728	1736
728	1386
728	1708
728	1607
728	3281
729	2335
729	3399
729	2655
729	264
729	1005
729	2712
729	2074
729	264
729	1941
729	2074
729	2712
729	3399
729	2335
729	2655
729	1005
730	1402
730	3215
730	1604
730	1999
730	2669
730	1827
730	1999
730	1484
730	2669
730	1827
730	1999
731	260
731	352
732	3419
732	1249
732	1742
732	1447
732	423
733	1984
733	1617
733	1187
733	3183
733	2720
733	2000
733	2588
733	1825
734	2250
734	1770
734	2178
734	1448
734	400
734	2959
734	919
734	2902
735	952
735	2171
735	535
735	843
735	2954
735	3545
735	3433
735	843
735	3433
736	1661
736	1706
736	2381
736	680
736	680
736	2537
737	1397
737	3311
737	759
737	1397
737	3311
737	3321
737	2661
737	192
737	759
737	2661
737	759
738	2756
738	2201
738	3547
738	1490
738	3548
738	2595
738	3549
738	2463
738	2463
738	2595
738	1490
738	3547
738	2201
738	2756
739	47
739	936
739	2965
739	593
739	3076
739	2356
739	2630
739	2582
739	3076
739	593
739	2965
739	936
739	47
739	593
739	3076
739	2582
740	90
740	516
740	2280
740	1581
740	1045
740	493
740	2
740	1786
740	493
740	1045
740	1581
740	516
740	90
741	522
741	1440
741	2981
741	1299
741	3157
741	2731
741	1821
741	330
741	3157
741	522
741	330
741	1821
741	2731
741	1299
742	851
742	3198
742	2529
742	988
742	652
742	2591
742	2838
742	44
743	643
743	1668
743	2598
743	957
743	3134
743	2439
743	29
743	3260
743	3260
743	29
743	957
743	2598
744	3001
744	3550
744	1712
744	1063
744	3551
744	3552
744	3239
744	1322
745	179
745	1461
745	1439
745	553
745	377
745	3128
745	959
746	2392
746	2569
746	132
746	918
746	249
746	473
746	0
746	2754
746	0
746	2754
746	132
746	473
747	3554
747	2827
747	3189
747	3553
747	2843
747	3098
747	3554
747	3553
747	1372
747	2827
747	3189
748	3555
748	2570
748	1181
748	3555
748	3307
749	3149
749	1552
749	371
749	1760
749	2680
749	371
749	3052
749	1760
749	2680
750	2671
750	738
750	1321
750	169
750	3308
750	1330
750	434
751	2399
751	3402
751	727
751	2483
751	1906
752	28
752	2299
752	294
752	2394
752	1387
752	2036
752	2073
752	1477
753	2800
753	1905
753	1422
753	2909
753	1905
754	1993
754	2352
754	3556
754	3557
754	2509
754	1149
754	1224
754	3558
755	987
755	160
755	168
755	3088
755	2949
755	2118
755	375
755	1674
755	375
755	2949
755	160
755	2118
755	987
756	3024
756	2148
756	2929
756	511
756	2669
756	1944
757	2965
757	1152
757	583
757	2015
757	3057
757	2330
757	3751
757	2090
758	930
758	37
758	1837
758	822
758	2506
758	188
758	841
758	882
759	2271
759	1169
759	2363
759	2552
759	3372
759	966
759	16
759	388
759	2271
759	1169
759	2363
759	2552
759	3372
759	966
759	16
759	388
760	2806
760	832
760	2708
760	624
760	553
760	1439
760	1180
760	179
760	2156
760	1461
760	875
760	1695
760	3066
760	3066
760	1461
761	1653
761	806
761	1784
761	24
761	3666
761	2155
761	2316
761	3667
761	3667
761	2316
761	2155
761	3666
761	24
761	1784
761	1653
762	2922
762	1774
762	2241
762	1463
762	492
762	3038
762	2998
762	2737
762	2737
762	2998
762	3038
762	1463
762	1774
762	2241
762	2922
762	492
762	1463
763	758
763	2951
763	72
763	2234
763	727
763	2234
763	1412
763	72
763	3559
763	3253
763	2951
763	758
764	87
764	1200
764	2701
764	2088
764	3147
764	1070
764	1200
764	1070
764	2088
764	3147
764	3668
764	3669
764	2701
764	87
765	2069
765	1126
765	259
765	2176
765	833
765	259
765	2176
766	3670
766	16
766	1015
766	1311
766	1110
766	2699
766	2236
766	2148
767	1583
767	3275
767	2549
767	2662
767	1583
767	2549
767	923
767	242
767	2208
767	242
768	183
768	2817
768	760
768	426
768	2375
768	1030
768	3212
768	2375
768	3212
768	426
768	1030
768	525
768	760
768	2817
768	183
769	3027
769	824
769	3143
769	1165
769	2047
769	3671
769	2398
769	2604
770	2726
770	2781
770	96
770	1332
770	3304
770	928
771	3674
771	3673
771	1521
771	3672
771	2361
771	1782
771	1782
771	2361
771	2982
771	3672
771	1521
771	761
771	3673
771	3674
771	3674
771	3672
771	2361
771	1782
772	3561
772	3560
772	2608
772	334
772	2024
772	36
772	3071
772	3561
772	2608
772	334
772	2809
772	3560
772	3071
772	3560
772	36
772	2809
772	2024
772	334
772	2608
772	3561
773	1491
773	1726
773	1594
773	1776
773	209
773	209
773	240
773	1776
773	2739
773	1594
773	1726
773	3362
773	1491
774	1007
774	3173
774	1150
774	1815
774	1737
775	2965
775	2556
775	1570
775	817
775	2138
775	3100
775	2885
776	1705
776	3259
777	952
777	3146
777	2370
777	237
777	2386
777	1582
777	1822
777	3675
777	431
777	1582
777	1822
777	431
778	1023
778	1638
778	2735
778	1880
778	231
778	1017
778	2592
778	2886
778	1638
778	2735
778	1880
778	231
778	1017
779	3676
779	2254
779	3073
779	1062
779	2650
779	91
779	3677
779	1608
779	3678
779	3678
779	1608
779	1062
779	91
779	2650
779	3073
779	1608
779	1062
779	3678
779	91
779	2650
779	3073
780	2781
780	2742
780	1662
780	2253
780	637
780	2041
780	513
780	2972
780	997
780	513
780	637
780	2253
780	1662
781	473
781	1868
781	1827
781	1959
781	3201
781	1272
781	1663
782	1800
782	138
782	2981
782	2696
782	2936
782	1800
782	320
782	2696
782	1269
782	2204
783	418
783	1688
783	1331
783	2412
783	661
783	2844
783	2589
783	3215
783	1732
783	1732
783	3215
783	2589
783	2844
783	661
783	2412
783	1331
783	1688
783	418
784	1351
784	3193
784	556
784	2774
784	1351
784	3193
784	186
784	2213
785	1099
785	833
785	2272
785	3680
785	3679
785	384
785	1914
785	2719
785	1893
786	2327
786	1280
787	2679
787	993
787	980
787	1298
787	2486
787	2679
787	1298
787	2486
788	2134
788	412
788	1028
788	1757
788	961
788	1902
788	2030
788	488
788	961
788	1902
789	2868
789	2220
789	1826
789	2696
789	3103
789	1174
789	524
790	193
790	982
790	976
790	351
790	1795
790	288
790	2728
790	1795
790	351
790	976
790	1087
790	982
790	1449
790	193
791	2343
791	2987
791	124
791	2068
791	2041
791	2770
791	423
791	2343
791	2041
791	2466
792	1540
792	3185
792	2332
792	867
792	867
792	3025
792	3185
792	3203
792	2332
792	2223
792	854
792	1462
792	1540
792	1462
792	854
792	2223
792	3025
792	1462
792	854
792	3025
792	1540
792	2223
792	3203
793	2706
793	1898
793	1966
793	2439
793	353
793	1096
793	1989
793	3349
793	2815
793	1898
793	2706
794	2787
794	761
794	856
794	2797
794	1306
794	2740
794	2797
794	1306
795	2604
795	1972
795	3301
795	949
795	1265
795	2604
795	431
795	3180
796	2652
796	866
796	1
796	3048
796	2657
796	2157
796	364
796	2916
797	3687
797	3686
797	3685
797	3684
797	3683
797	3682
797	3681
798	2312
798	128
798	3182
798	1461
798	2953
798	2243
798	3182
798	1461
798	2760
798	2953
798	2953
798	2760
798	621
798	2718
798	128
798	1461
798	2312
798	3182
798	2243
798	2312
798	621
799	2435
799	3757
799	975
799	3756
799	3755
799	2685
799	3754
799	2738
799	1543
800	369
800	998
800	2752
800	1076
801	2587
801	430
801	344
801	2815
802	2494
802	509
802	626
802	470
802	2565
802	1586
802	907
802	3044
802	1008
803	2005
803	3375
803	2972
803	2977
804	2929
804	158
804	1626
804	3215
804	1689
804	3057
804	2901
804	169
804	169
804	1648
804	3057
804	1689
804	2901
804	3215
804	1626
804	158
804	2929
805	402
805	3562
805	1361
805	3406
805	1790
805	1609
805	702
805	3563
805	743
805	702
805	1790
805	1361
806	2837
806	1456
806	2837
806	1456
806	1079
806	2197
806	1288
806	741
806	2197
806	1288
807	1286
807	3348
807	153
807	2871
807	3564
807	347
807	1358
807	2512
807	711
808	3689
808	1225
808	1303
808	2840
808	2628
808	2456
808	196
808	2514
808	2391
809	111
809	2930
809	1065
809	2027
809	531
809	111
809	2930
809	1065
809	2027
809	1709
809	531
809	2306
809	2265
809	79
810	2277
810	1108
810	3092
810	2698
810	1142
810	3318
811	1487
811	920
811	2530
811	2043
811	1959
811	920
811	2530
811	214
811	1895
811	920
811	2530
811	1959
811	1487
811	2180
812	2921
812	558
812	3057
812	358
812	2494
812	2589
812	244
812	1080
812	1080
812	244
812	2589
812	2494
812	358
812	3057
812	204
812	558
812	2921
813	2661
813	119
813	2498
813	655
813	417
813	2388
813	2498
813	655
813	417
813	2388
813	2661
813	2498
813	655
813	417
813	2388
813	1338
813	2345
814	2193
814	3690
814	3096
814	3376
814	803
814	3415
814	1629
814	3206
814	2975
814	2975
814	1629
814	3415
814	3096
814	3690
814	2193
815	768
815	1218
815	3339
815	1350
815	2532
815	1218
815	853
815	2760
815	3366
815	3419
815	768
816	545
816	3691
816	1574
816	1963
816	1519
816	1743
816	1903
816	120
816	1310
816	1743
816	1519
816	1963
816	1574
816	3691
816	545
817	1036
817	470
817	2494
817	3300
817	2851
818	2383
818	1035
818	2805
818	3692
818	392
818	1252
818	194
818	1252
818	3692
818	392
819	2681
819	213
819	2380
820	561
820	1823
820	383
820	1940
820	2476
820	2824
820	2305
820	3129
820	80
821	1268
821	2862
821	2654
822	1641
822	2322
822	312
822	845
822	168
822	818
822	1170
822	3693
822	1170
822	845
822	168
822	484
822	818
823	257
823	1885
823	3104
823	774
823	12
823	456
823	2382
823	12
823	456
824	2237
824	3164
824	2691
824	2935
824	59
824	3758
824	1888
824	3231
824	1840
825	315
825	1777
825	1147
825	1423
825	1336
825	3169
825	1242
825	2816
825	1614
825	1614
825	2816
825	1242
825	1336
825	1423
825	1147
825	1777
825	315
826	2831
826	142
826	210
826	2453
826	2248
826	142
826	562
826	210
826	228
826	2453
826	562
826	654
827	2077
827	3344
827	3059
827	1945
827	3287
827	3565
828	3177
828	2449
828	1307
829	790
829	1240
829	1934
829	3431
829	2772
829	884
829	884
829	543
830	2164
830	2098
830	2528
830	3386
830	1259
831	1135
831	276
831	1588
831	1855
831	2477
831	2216
831	1938
831	1588
831	276
831	1803
832	921
832	2962
832	130
832	2519
832	97
832	1313
832	618
832	1313
832	2519
832	97
832	2519
832	130
832	618
832	1313
832	1122
832	2962
832	921
832	1820
833	1592
833	2517
833	2199
833	1344
833	1344
833	2517
833	2199
833	672
833	286
833	913
833	348
833	92
833	1592
833	348
833	286
834	571
834	682
834	3759
834	3072
834	224
834	1512
834	1919
834	1994
834	2521
835	1413
835	1281
835	856
835	977
836	948
836	376
836	316
836	2814
836	451
836	2714
836	948
836	376
836	316
836	3335
836	2814
836	451
836	2714
836	316
836	3335
836	2814
836	451
836	2714
836	489
836	1049
836	1995
837	930
837	2338
837	1837
837	841
837	37
837	188
837	2506
837	882
837	882
837	2506
837	188
837	37
837	841
837	1837
837	2338
837	930
837	2096
838	3696
838	3033
838	3695
838	3696
838	3033
838	3695
838	1964
838	805
838	2918
838	3110
838	1964
838	3696
838	805
838	1869
838	3694
838	2918
838	3110
839	453
839	2012
840	1868
840	3422
840	768
841	2496
841	3761
841	3328
841	3760
841	1873
842	1687
842	282
842	1142
842	2087
842	1176
842	2334
842	290
842	1955
842	3303
842	1142
842	282
842	1687
843	651
843	641
843	3763
843	651
843	641
843	954
843	1041
843	620
843	77
843	3762
843	2423
844	462
844	1838
844	3107
844	3210
844	1417
844	631
844	1355
845	2926
845	1578
845	2903
845	2468
845	2982
846	3567
846	2418
846	3566
846	199
846	2210
846	2661
846	2583
846	3199
847	181
847	389
847	1894
847	2548
847	104
848	3766
848	3765
848	3764
848	2094
849	447
849	3282
849	1621
849	2460
849	1637
849	709
849	2460
849	1621
849	3282
849	2120
849	1541
849	40
849	2516
849	447
850	1861
850	863
850	595
850	3382
850	2268
850	3697
850	2605
850	2499
850	2605
850	1861
850	863
850	3698
850	595
850	3382
850	241
850	2499
851	7
851	27
851	2312
851	690
851	2560
851	850
851	1276
851	690
851	850
851	1171
851	7
851	2312
851	690
851	2560
851	850
852	2390
852	2651
852	240
852	2834
852	2390
852	185
852	1943
852	668
852	2651
852	3230
853	1656
853	2494
853	2148
853	2195
853	1106
853	3031
854	1650
854	2577
855	2425
855	3432
855	1085
855	3381
855	992
855	1892
855	2780
856	1195
856	2163
856	673
856	2942
857	2654
857	814
857	3243
857	3113
857	2862
857	1433
857	41
857	896
857	1129
858	2173
858	1197
858	1331
858	402
858	644
858	2842
858	323
858	1036
858	1866
858	2429
859	3254
859	3201
859	2693
859	2113
859	1406
859	3699
859	676
859	676
859	3146
859	3699
859	1348
859	1302
859	1406
859	2113
859	2693
859	3201
859	3254
859	1348
859	3146
860	1025
860	1660
860	1226
860	1876
860	1990
860	3314
860	3324
860	2618
860	2948
860	3063
861	2033
861	388
861	3236
861	208
861	3390
861	1058
861	526
861	1965
861	388
861	2429
861	2033
861	3390
861	208
861	3236
861	1832
862	1544
862	1589
862	2648
862	2301
862	2979
862	1007
863	838
863	2764
863	1339
863	2188
863	2066
863	343
863	3354
863	1961
863	3014
863	538
863	838
863	2764
863	2188
864	2202
864	1230
864	837
864	1966
864	2293
864	1158
864	1182
864	811
864	1772
864	2517
864	2517
864	1772
864	811
864	1182
864	2293
864	1230
865	3418
865	2560
865	908
865	3568
865	1827
865	2553
865	2205
865	3116
865	1827
865	416
865	908
866	901
866	3327
866	3072
866	2115
866	985
867	3700
867	696
867	997
867	944
867	1982
867	14
867	1717
867	2932
867	747
867	1207
868	2445
868	2676
868	3569
868	742
869	2619
869	2806
869	213
869	2708
869	1222
870	530
870	665
870	1256
870	1578
870	3264
870	989
870	1724
870	761
870	989
870	1724
870	3264
870	989
870	761
870	3264
870	761
871	3089
871	1121
871	646
871	1215
871	3109
871	526
871	720
871	2826
871	688
871	3126
871	3126
871	526
871	688
871	1215
871	1121
871	3089
871	720
871	646
872	3701
872	3702
872	3703
872	2934
872	2139
872	3704
872	3705
872	3706
872	3707
872	3708
873	1073
873	3709
873	3050
873	1069
873	610
873	1219
873	2059
873	2851
873	379
873	3118
873	3118
873	3050
874	3400
874	848
874	1887
874	11
874	1570
874	2079
874	3102
874	2912
875	1595
875	1502
875	250
876	3356
876	2803
876	513
876	251
876	295
876	1121
876	543
876	905
876	1104
876	272
877	1110
877	2040
877	2564
877	3317
877	2246
877	2681
877	754
877	583
877	1599
877	637
877	637
877	754
877	2681
877	1110
878	1795
878	1952
878	254
878	967
878	1275
878	1681
878	2010
878	2151
878	2910
878	917
