621	457
489	694
274	158
857	1033
636	1099
838	1707
549	40
813	631
4	1253
610	1164
845	994
785	790
329	1552
512	966
579	640
253	1388
278	1135
783	806
583	1112
301	1631
644	55
472	1559
120	1024
334	1230
509	43
856	1284
666	1055
742	1437
293	986
220	219
877	21
802	1516
206	850
183	779
382	727
732	646
121	1746
333	65
454	1750
212	1771
14	1101
25	1745
345	1336
670	991
764	916
834	856
91	707
687	732
726	1530
838	1708
131	1292
348	753
457	103
475	570
287	1045
493	1752
157	1473
774	713
494	1616
104	1089
771	1683
217	621
813	632
596	355
269	611
79	295
144	136
127	752
476	428
806	1588
16	236
853	1615
654	830
692	1597
749	785
306	594
518	1363
374	1501
849	1038
607	635
369	873
561	2
715	906
452	959
762	948
390	961
447	1136
505	591
833	841
403	1675
796	1579
682	238
599	1060
350	1628
357	93
738	1175
409	581
242	361
174	1081
736	254
784	744
282	89
683	69
762	949
185	1352
681	1723
91	708
137	648
433	79
457	104
397	1429
293	987
159	726
707	964
534	1668
365	1576
86	1694
154	44
522	1511
381	805
328	872
560	1004
533	1599
758	1204
192	797
589	306
134	739
164	533
287	1044
852	1315
332	1012
686	174
484	1457
126	564
10	1651
777	32
450	1320
196	452
485	1700
452	960
323	128
108	839
798	1090
309	756
394	1019
812	1508
112	116
676	1203
409	1077
609	309
773	514
231	498
259	1355
372	1445
726	1528
799	1151
23	1649
578	278
689	47
163	1455
191	998
655	1366
456	282
565	390
598	1634
489	695
590	1396
263	408
532	1308
211	121
661	1014
462	1427
606	981
236	151
119	1411
133	1301
666	1051
129	864
847	160
521	406
245	325
545	1666
718	485
712	345
266	7
698	1154
403	1676
771	1682
691	1650
396	576
275	1488
723	339
539	814
414	1006
301	1632
109	27
59	73
702	924
262	177
740	1278
703	542
729	623
436	589
773	515
728	209
377	35
311	1319
49	1492
674	1506
432	469
468	1730
89	555
59	74
124	604
745	1235
730	1447
408	973
186	509
855	884
228	261
183	778
230	1478
361	670
295	431
432	468
721	1213
510	558
322	1765
360	1238
417	1731
865	703
728	208
656	1066
408	971
696	952
746	1201
585	550
353	1643
741	437
792	375
396	577
570	937
319	1453
506	899
855	883
842	1246
804	1539
409	1076
252	1029
859	243
719	524
552	832
270	595
865	701
139	678
51	1418
480	1108
500	331
724	605
61	652
12	919
122	1296
785	788
507	769
432	470
290	1294
576	1571
341	1310
865	700
690	1475
441	908
735	1358
572	1535
724	607
760	1221
680	657
596	356
566	1373
587	180
15	573
301	1633
642	274
764	913
202	1267
299	1311
763	1173
714	1660
864	1187
541	1226
768	1079
638	270
559	759
380	1462
275	1489
260	1768
636	1098
302	1146
155	1738
370	313
516	115
772	231
269	610
633	80
616	463
624	940
130	669
219	1657
627	1627
449	711
181	869
659	1075
715	905
346	1467
293	985
179	61
494	1617
1	489
833	842
491	447
391	894
476	426
823	704
655	1368
63	597
588	365
417	1732
123	1254
321	852
588	367
580	520
786	1141
627	1626
716	466
722	934
560	1005
445	1555
826	887
375	1148
497	1317
832	717
155	1739
625	978
188	1165
787	303
506	897
264	122
356	870
770	186
423	1778
603	862
417	1735
440	1003
854	1283
662	749
653	849
711	568
284	1257
640	548
493	99
634	1606
191	999
614	1567
166	9
574	1228
91	1104
408	169
177	1364
593	1211
10	1167
3	1648
830	721
702	926
619	1434
708	968
88	348
297	1376
372	1443
737	1049
645	1547
31	1693
741	438
599	1061
29	1232
538	343
243	1392
682	237
834	855
178	257
135	668
426	150
494	1618
757	782
545	414
504	262
331	1664
782	1669
638	267
52	928
784	745
689	46
478	472
846	663
633	82
247	201
541	1223
616	462
585	549
408	972
766	4
171	140
557	1325
483	1330
216	917
586	225
745	1236
674	1505
862	109
874	302
686	173
497	1316
507	768
487	1471
747	723
330	1534
870	1119
729	624
690	1476
679	653
578	277
714	1659
115	1753
734	741
316	866
717	359
499	143
736	256
302	1145
207	1140
515	645
163	1456
586	224
233	588
429	1250
190	1584
408	166
634	1607
463	250
603	860
213	1514
603	861
583	1113
651	1686
555	662
818	398
859	245
693	1502
373	580
680	655
526	1755
322	1764
422	649
418	1667
825	394
403	1674
211	120
158	1345
519	58
653	848
110	1568
457	102
76	488
711	569
840	659
721	1212
850	496
215	1422
590	1398
664	512
237	133
698	1153
77	892
284	1258
760	1181
727	381
208	1412
482	1281
792	376
254	1182
796	1577
13	808
201	566
688	1718
568	931
326	1551
872	1602
443	205
657	75
792	372
719	523
511	792
767	1219
762	947
74	737
10	1166
693	1504
563	582
35	1780
447	1137
688	1720
832	720
56	1380
845	995
549	38
553	800
607	636
235	1486
212	1770
417	385
247	202
195	1438
403	1162
465	1328
595	617
406	1191
448	53
272	1377
605	1695
222	134
367	969
694	1302
769	259
149	698
266	6
434	1130
646	1085
140	1722
780	1532
160	1192
106	817
158	1346
730	1449
638	271
724	606
479	1612
699	500
791	1564
787	304
205	1459
665	1370
296	902
394	1020
667	958
575	111
705	614
241	1263
251	1757
524	1125
22	473
260	1766
645	1546
127	751
314	329
847	161
440	1002
482	1282
581	1653
488	1260
65	1417
832	719
635	281
779	1273
800	672
83	553
416	421
343	321
642	273
174	1083
294	602
791	1562
502	826
490	945
93	1183
150	341
669	1105
248	1251
19	1037
385	1034
503	516
287	1042
798	1094
404	1195
749	786
442	699
861	1069
789	448
611	24
279	1382
530	204
101	545
11	287
505	592
289	1378
843	1464
639	1026
351	404
49	1491
62	178
97	608
675	1519
744	738
382	729
671	1431
558	291
751	474
304	1484
259	1353
271	1671
687	734
346	1466
395	682
393	1498
460	697
81	650
554	764
728	210
336	423
177	1393
100	433
408	167
672	189
513	130
224	171
403	1673
308	997
395	681
291	1544
309	757
812	1507
434	1129
174	1082
720	114
510	557
245	324
827	503
669	1107
197	1469
546	1169
850	493
502	825
493	98
823	705
554	765
431	5
813	628
259	1354
378	1743
648	410
200	838
448	52
755	371
291	1545
264	125
813	630
818	397
155	1740
424	159
402	430
489	693
809	352
419	1698
779	1275
811	1688
567	988
658	881
427	1350
763	1171
801	1526
323	129
501	1057
873	17
841	184
214	1286
825	393
47	882
636	1097
279	1384
580	518
878	1482
143	1210
30	424
2	1663
778	1268
666	77
72	1157
678	199
177	1365
578	276
582	1702
720	113
588	366
574	1229
811	1691
716	465
530	203
580	517
186	510
706	979
417	1734
848	1264
725	1706
474	1582
791	1563
253	1390
135	667
822	1404
481	525
630	1143
36	766
535	418
783	807
177	1394
612	1323
627	1625
590	1397
782	1670
811	1689
82	742
172	1717
236	152
790	818
589	307
565	389
101	544
444	1215
723	336
836	1678
654	829
570	936
831	1494
167	1031
528	600
271	1672
558	292
162	1490
574	1603
851	684
343	320
447	153
524	1124
807	502
198	1656
243	1391
850	497
750	1541
408	974
194	1338
836	1679
141	1021
246	478
805	534
616	461
700	1609
778	1269
474	297
414	1008
648	409
276	531
619	1433
95	459
75	1773
339	1543
536	633
734	740
372	1442
96	1654
410	490
871	1408
726	1529
725	1704
626	1010
63	598
469	380
863	1340
32	445
867	1416
487	1472
356	1620
374	1499
344	907
464	1517
265	854
624	943
746	1200
837	1777
146	1749
697	349
55	1386
690	1477
362	230
710	476
592	821
296	903
748	1233
407	845
60	10
548	70
158	1347
546	1170
584	1524
574	483
692	1596
675	731
353	1641
215	1423
767	1218
404	1196
89	556
687	735
383	875
121	449
577	863
794	983
165	206
160	1193
70	666
298	144
730	1450
359	1262
278	1759
509	42
410	492
774	712
34	340
462	1428
547	505
772	234
473	1123
606	982
870	1118
250	923
428	84
591	1728
412	1190
370	312
258	823
545	1665
170	395
324	214
824	316
823	706
574	676
50	298
311	1318
40	1247
87	253
122	1295
116	511
806	1589
570	939
681	1724
833	843
802	1515
576	1572
863	1339
276	530
804	1537
598	1635
383	874
811	1690
495	886
488	1261
90	286
305	1298
870	1117
680	658
629	714
441	911
638	268
58	691
363	522
798	1093
396	575
292	1523
398	455
591	1726
336	422
692	1598
584	1525
676	1202
814	1712
646	1086
670	993
780	1531
851	685
75	1774
753	748
798	1091
863	1341
441	910
759	816
645	1548
453	774
875	357
153	642
514	1046
282	90
196	454
283	1209
334	1231
447	155
871	1407
712	346
475	571
363	521
642	272
545	1041
199	354
420	194
340	1441
649	163
768	1080
655	1367
225	442
739	402
589	305
88	347
526	1754
675	1520
453	775
269	612
865	702
282	91
100	432
641	1244
400	294
739	401
546	1168
147	586
463	249
340	1440
304	1483
5	1405
654	831
747	722
624	941
815	1419
508	1096
219	1658
172	87
238	1600
399	559
547	506
387	1360
595	616
458	1557
290	1293
91	844
613	1463
670	992
285	689
649	162
839	696
7	1646
87	252
375	1150
165	207
673	1240
261	126
360	1237
666	1052
866	147
688	1719
626	1011
350	1630
96	1655
125	1197
531	440
234	266
432	471
822	1400
772	232
537	1028
285	688
591	1727
9	651
428	86
688	1721
494	1619
218	1343
486	1126
335	1256
656	1065
6	182
299	1312
709	1424
439	507
308	996
831	1493
615	1574
852	1314
270	596
507	770
574	675
574	1604
399	562
627	1623
500	332
500	330
583	1114
224	170
660	83
305	1299
182	634
45	240
71	1468
306	593
561	1
286	1115
656	1067
66	1280
588	368
169	405
481	526
519	57
260	1767
390	962
405	50
445	1554
778	1270
438	1715
489	692
574	481
816	1645
380	1461
102	1133
240	1595
860	118
763	1172
629	715
85	18
817	1018
352	364
737	1050
654	828
54	1348
566	1374
504	263
604	196
668	1186
792	373
184	392
743	435
192	798
553	801
630	1144
518	1362
669	1106
555	661
371	1741
695	146
562	328
527	211
592	820
515	644
564	1637
461	1205
757	783
617	794
493	97
561	0
274	157
838	1710
743	434
791	1561
693	1503
822	1403
278	1758
792	374
506	898
699	499
662	750
72	1156
713	36
471	15
567	989
762	950
635	280
385	1036
709	1425
207	1139
512	965
303	1068
659	1073
777	31
229	416
415	547
819	1381
183	777
268	314
564	1636
868	1580
39	809
809	351
747	724
730	1448
342	1022
594	743
504	265
788	536
647	1266
288	451
465	1329
520	1009
539	812
607	637
608	627
824	317
327	921
604	195
114	226
426	149
91	1103
815	1420
701	1111
327	920
771	1681
413	289
605	1696
321	851
810	13
471	14
798	1092
579	639
829	1761
871	1409
504	264
358	141
672	188
641	1243
448	51
94	260
666	78
810	11
403	1163
683	67
590	1399
174	1084
750	1540
665	1371
638	269
170	396
760	1222
612	1322
723	337
226	1570
178	258
378	1742
151	1639
428	85
729	622
578	275
329	1553
200	837
587	181
208	1413
762	951
717	358
643	1430
632	811
476	427
232	1160
673	1241
621	458
876	480
817	1017
316	867
91	251
877	20
574	677
768	1078
310	72
217	620
204	1594
399	563
124	603
570	935
792	377
858	1638
679	654
99	142
382	728
700	1610
706	980
391	529
666	1053
680	656
133	1300
411	1307
708	967
704	1001
523	198
223	572
57	1542
625	977
376	930
552	834
467	344
746	1199
818	399
80	1138
111	183
671	1432
611	23
281	185
859	242
811	1692
509	41
264	123
714	1661
717	360
388	1333
24	1194
312	1782
253	1389
752	106
601	101
356	1621
687	733
735	1357
568	932
545	415
455	1575
318	300
628	857
68	1772
222	135
761	284
675	1518
665	1372
675	730
551	227
650	223
531	441
686	175
90	285
722	933
761	283
203	755
412	1189
398	456
654	827
307	1521
540	1095
637	326
210	1177
55	1385
705	613
861	1071
345	1335
779	1272
544	1304
235	1485
806	1590
372	1444
154	45
781	1512
144	138
552	833
770	187
142	1142
517	486
317	1452
538	342
718	484
551	228
777	30
622	248
172	1716
850	495
519	59
810	12
417	384
808	1063
836	1680
542	893
180	1102
741	439
113	220
250	922
48	241
824	318
416	419
8	1059
703	543
121	450
755	370
258	824
401	1174
507	767
853	1614
525	1586
659	1074
447	156
77	891
511	791
554	763
765	191
685	956
573	378
851	687
597	1271
528	599
869	618
644	56
148	671
803	1178
620	1652
466	1109
438	1714
388	1334
736	255
338	1769
413	290
191	1000
831	1495
755	369
614	1566
439	508
636	1100
43	388
421	1337
366	1185
537	1027
697	350
732	647
347	1289
384	709
459	847
816	1644
677	215
549	37
486	1127
399	560
837	1776
796	1578
833	840
277	1783
861	1070
300	835
337	1252
846	664
453	776
201	565
265	853
128	63
161	567
374	1500
318	299
539	813
851	686
220	218
175	246
826	888
457	105
746	1198
176	878
193	34
232	1161
286	1116
310	322
312	1781
859	244
53	900
608	626
788	538
498	1509
764	914
423	1779
313	574
871	1406
479	1613
427	1349
269	609
637	327
572	1536
767	1217
64	528
493	94
545	411
838	1711
239	865
104	1513
435	1239
196	453
0	387
683	68
364	1421
408	168
474	296
192	799
373	579
446	1414
826	889
545	1040
806	1587
650	222
775	758
289	1379
727	382
279	1383
305	1297
245	323
765	190
729	625
92	1344
446	1415
779	1274
58	690
556	796
227	1592
315	1303
209	885
612	1324
805	535
144	137
793	1736
611	22
